0	0.33354	0.297519
1	0.250683	0.220249
14	0.250492	0.219945
7.07107	0.250693	0.220457
28	0.249885	0.219789
39	0.250455	0.220649
19.2354	0.250632	0.219985
10.0499	0.250368	0.219733
10	0.251277	0.221003
9	0.251246	0.220756
3	0.25039	0.219652
13	0.249751	0.218921
5	0.251301	0.221479
7	0.250089	0.21854
8	0.249779	0.219588
11	0.25117	0.219872
41.1096	0.249805	0.21987
12	0.249854	0.220183
2	0.250655	0.22037
6	0.25133	0.221163
16	0.250102	0.220229
47.0956	0.25053	0.219141
20	0.249776	0.219917
19	0.25056	0.220367
17	0.250663	0.219963
21	0.250121	0.21838
23	0.249591	0.219718
15	0.250548	0.219843
15.5242	0.250571	0.220025
24	0.249241	0.218742
18	0.249605	0.219157
27	0.250071	0.219902
25	0.251279	0.221131
26	0.250721	0.219967
30	0.251237	0.22076
31	0.250575	0.219413
4	0.250841	0.220472
33	0.250375	0.220164
32	0.250416	0.219865
34	0.250539	0.219984
29	0.250182	0.219838
35	0.250755	0.220806
36	0.249376	0.218678
40	0.249849	0.219064
37	0.250307	0.219915
38	0.250788	0.220361
42	0.249761	0.218553
43	0.251101	0.221239
41	0.250178	0.219642
44	0.249863	0.219012
45	0.250967	0.220449
47	0.25069	0.219795
48	0.250875	0.220915
19.4165	0.250837	0.220875
22.3607	0.249988	0.219567
1.41421	0.251625	0.222715
2.23607	0.250212	0.220223
3.16228	0.250921	0.22011
5.09902	0.251491	0.220486
6.08276	0.250038	0.220384
4.12311	0.249907	0.219216
47.1699	0.251385	0.220621
14.8661	0.250294	0.219858
11.0454	0.251723	0.221376
21.2132	0.250216	0.218386
8.48528	0.250026	0.219012
42.2966	0.250127	0.219731
13.0384	0.24986	0.219323
26.4764	0.249977	0.219222
8.06226	0.249191	0.218378
9.05539	0.250914	0.22025
45.0111	0.250813	0.220511
46	0.25003	0.218412
14.0357	0.249628	0.218928
37.4833	0.250812	0.219324
33.541	0.250793	0.220163
15.0333	0.250067	0.219145
14.3178	0.250422	0.220746
31.4006	0.250632	0.220648
12.0416	0.251535	0.221519
8.544	0.250685	0.220397
17.0294	0.250454	0.221305
18.0278	0.249452	0.218855
22.0227	0.250984	0.220502
23.0217	0.25078	0.219988
23.0868	0.250343	0.219544
33.7343	0.249592	0.219345
27.8927	0.250343	0.219304
9.89949	0.250247	0.218475
18.3848	0.250366	0.220134
21.0238	0.250625	0.221
17.4642	0.250282	0.219344
16.0312	0.251047	0.221198
20.025	0.250441	0.218772
10.6301	0.249574	0.218807
26.0192	0.25104	0.220477
44.5533	0.250713	0.220534
27.0185	0.250195	0.219711
47.5184	0.250522	0.219493
25.02	0.250752	0.220348
28.0179	0.250594	0.219339
24.0208	0.249918	0.219651
29.0172	0.250056	0.218736
17	0.250504	0.219409
31.0161	0.251009	0.221168
32.0156	0.250456	0.221028
34.0147	0.250576	0.220633
30.0167	0.250683	0.220428
36.0139	0.250837	0.220608
19.0263	0.251599	0.22123
35.0143	0.250303	0.219495
37.0135	0.250212	0.22027
39.0128	0.250337	0.21974
40.0125	0.250884	0.220646
33.0151	0.251216	0.221249
41.0122	0.251078	0.221775
43.0116	0.25129	0.220467
44.0114	0.250352	0.220196
42.0119	0.251525	0.220839
47.0106	0.250893	0.221448
48.0104	0.250591	0.219133
47.676	0.249763	0.219729
46.0109	0.250883	0.22044
42.7551	0.249605	0.218961
2.82843	0.250688	0.221354
49	0.250178	0.220742
34.9285	0.250284	0.220675
49.0102	0.24992	0.219118
38.0132	0.250274	0.220327
4.47214	0.250383	0.219879
18.3576	0.250442	0.22099
16.6433	0.251292	0.221175
7.28011	0.251026	0.220866
3.60555	0.250198	0.219109
5.38516	0.25021	0.219571
8.24621	0.250772	0.219893
10.198	0.251184	0.221679
11.1803	0.252287	0.222242
12.1655	0.250866	0.220821
14.1421	0.249993	0.218548
15.1327	0.25021	0.220261
13.1529	0.251074	0.220927
17.1172	0.249899	0.219242
9.21954	0.250385	0.219216
16.1245	0.249994	0.220065
22	0.249859	0.220259
19.105	0.250164	0.219459
21.095	0.25066	0.220438
20.0998	0.250137	0.219537
22.0907	0.250938	0.221161
18.1108	0.25016	0.220788
24.0832	0.250906	0.220953
23.0868	0.251216	0.221393
25.0799	0.250591	0.220105
27.074	0.250329	0.220063
28.0713	0.25062	0.219682
21.9317	0.250189	0.220474
22.8473	0.250481	0.220342
30.0666	0.251424	0.220702
29.0689	0.249757	0.219136
6.32456	0.250971	0.219829
31.0644	0.250629	0.22207
32.0624	0.251015	0.22111
35.0571	0.252449	0.222231
38.0526	0.250958	0.220143
37.054	0.251245	0.220051
36.0555	0.250795	0.220458
32.28	0.250606	0.220048
40.05	0.250482	0.220323
29.4109	0.250352	0.220259
39.0512	0.250367	0.220631
42.0476	0.250142	0.219106
43.0465	0.250389	0.220848
41.0488	0.251218	0.221941
44.0454	0.249913	0.218756
46.0435	0.251127	0.220689
45.0444	0.250698	0.220857
5	0.249826	0.21881
49.0408	0.252107	0.222061
48.0416	0.25056	0.220298
42.9535	0.250126	0.220231
5.83095	0.250399	0.220327
44.911	0.250763	0.220081
4.24264	0.24944	0.218943
7.61577	0.250406	0.220403
23.4094	0.250103	0.219457
6.7082	0.251244	0.220297
9.48683	0.250046	0.219795
11.4018	0.251079	0.22064
10.4403	0.249705	0.218233
13.3417	0.250305	0.221083
15.2971	0.250967	0.221105
14.3178	0.250033	0.220319
33.0606	0.251135	0.220361
12.3693	0.250541	0.219446
17.2627	0.250338	0.220934
18.2483	0.251085	0.220242
20.2237	0.249546	0.218507
16.2788	0.250374	0.219943
26.1725	0.250568	0.21915
25.1794	0.249138	0.218904
23.1948	0.251207	0.22144
27.1662	0.251014	0.220795
22.2036	0.251002	0.220789
29.1548	0.251053	0.220889
28.1603	0.251313	0.220304
24.1868	0.250816	0.219832
26.0768	0.250817	0.220057
31.1448	0.250023	0.220599
33.1361	0.251232	0.2203
30.1496	0.250657	0.220121
32.1403	0.250783	0.221328
34.1321	0.249543	0.21996
35.1283	0.251085	0.220613
34.0588	0.250735	0.219905
36.1248	0.251105	0.219987
39.1152	0.250579	0.219908
37.1214	0.248675	0.217706
47.0425	0.250289	0.22157
49.8197	0.251233	0.22091
42.107	0.251554	0.222036
45.0999	0.250755	0.219434
38.1182	0.249784	0.219292
44.1022	0.25111	0.221006
46.0977	0.250908	0.220267
49.0918	0.250599	0.219396
7.2111	0.250218	0.219993
6.40312	0.250166	0.219616
5.65685	0.249978	0.220545
8.94427	0.250492	0.220301
12.6491	0.249756	0.219164
8.06226	0.249354	0.218813
10.7703	0.251856	0.220831
11.7047	0.250481	0.220565
48.0937	0.250653	0.220291
9.84886	0.251252	0.221431
13.6015	0.250089	0.219371
43.1045	0.251268	0.221269
14.5602	0.250954	0.220358
16.4924	0.250986	0.221215
20.3961	0.251068	0.220076
18.4391	0.250201	0.218762
18.868	0.250073	0.219356
15.6205	0.249671	0.219369
17.4642	0.250753	0.220601
21.3776	0.250771	0.220504
26.3059	0.249487	0.219591
23.3452	0.25112	0.222093
24.3311	0.250806	0.220435
25.318	0.250932	0.220469
27.2947	0.250838	0.220658
34.2345	0.250803	0.220369
33.2415	0.250017	0.219565
32.249	0.251116	0.220422
22.3607	0.251372	0.220959
35.2278	0.251159	0.220953
37.2156	0.249944	0.219285
31.257	0.250906	0.220467
38.2099	0.250585	0.220104
29.2746	0.251242	0.220663
39.2046	0.250779	0.220746
40.1995	0.250257	0.219728
42.19	0.24987	0.219962
36.2215	0.25093	0.219989
44.1814	0.250377	0.219941
46.1736	0.250181	0.219923
45.1774	0.250768	0.219762
48.1664	0.250442	0.220286
7.81025	0.250089	0.219496
43.1856	0.250333	0.219167
41.1947	0.250723	0.220006
49.163	0.250416	0.219432
28.2843	0.250671	0.219889
30.2655	0.251173	0.220971
40.1123	0.249965	0.219509
23.2594	0.250557	0.220269
7.07107	0.25098	0.220947
8.60233	0.251126	0.220894
12.083	0.250489	0.220281
11.1803	0.251712	0.220564
13.9284	0.250025	0.219646
24.1661	0.250244	0.220239
13	0.249963	0.21896
15.8114	0.249058	0.217916
16.7631	0.250006	0.219267
18.6815	0.251005	0.22125
19.6469	0.249927	0.219573
17.72	0.251543	0.22145
21.587	0.251021	0.220315
22.561	0.251386	0.221197
25.0799	0.250677	0.220305
23.5372	0.250275	0.22003
30.4138	0.250663	0.220392
28.4429	0.25034	0.221118
27.4591	0.250477	0.220788
25.4951	0.250795	0.219914
20.6155	0.250136	0.219065
9.43398	0.250927	0.221166
29.4279	0.25071	0.220715
33.3766	0.250207	0.219631
35.3553	0.249397	0.218699
38.3275	0.25095	0.22035
34.3657	0.251059	0.220881
37.3363	0.250423	0.220008
36.3456	0.250605	0.22059
40.3113	0.250509	0.220516
35.4401	0.250845	0.220695
10.2956	0.2518	0.221172
29.7321	0.249911	0.219073
39.3192	0.251266	0.220419
43.2897	0.249897	0.219527
32.3883	0.250223	0.219217
24.5153	0.251929	0.222014
42.2019	0.250136	0.21923
44.2832	0.250693	0.219968
46.2709	0.250935	0.220391
47.2652	0.251152	0.220687
48.2597	0.250697	0.220798
9.21954	0.25153	0.221084
11.6619	0.249834	0.218584
12.53	0.250081	0.220256
10.8167	0.250322	0.219038
45.2769	0.249389	0.218373
21.9545	0.250663	0.219631
15.2315	0.250395	0.220255
13.4164	0.250204	0.219523
16.1555	0.250789	0.220327
17.088	0.25059	0.220153
19.9249	0.251312	0.221085
21.8403	0.250861	0.220806
24.7386	0.250569	0.219645
18.0278	0.249063	0.21861
20.8806	0.250106	0.219134
18.9737	0.250975	0.219977
26.6833	0.250054	0.219997
27.6586	0.25037	0.220235
25.7099	0.251063	0.221077
23.7697	0.250894	0.221197
10	0.250726	0.219637
22.8035	0.250323	0.220685
30.5941	0.250794	0.220469
31.5753	0.250042	0.219021
34.5254	0.251594	0.22218
28.6356	0.249852	0.219064
29.6142	0.2505	0.21984
35.5106	0.25032	0.22049
49.2544	0.251382	0.220851
32.5576	0.250018	0.219187
38.4708	0.251307	0.221059
36.4966	0.250262	0.219231
41.3038	0.251309	0.221505
41.4367	0.250538	0.220019
43.4166	0.250758	0.220769
42.4264	0.249521	0.218536
39.4588	0.250417	0.22045
24.5967	0.24907	0.218903
45.3982	0.250344	0.219169
47.3814	0.24989	0.219772
48.3735	0.250659	0.22015
46.3897	0.250358	0.220322
49.366	0.251181	0.221499
11.4018	0.250529	0.220253
12.2066	0.250461	0.220659
13.8924	0.251338	0.221328
13.0384	0.250456	0.220292
14.7648	0.249867	0.219983
16.5529	0.250913	0.220792
15.6525	0.249553	0.219151
20.2485	0.250033	0.218661
19.3132	0.250415	0.220403
40.4475	0.251493	0.22113
22.1359	0.250399	0.219241
21.1896	0.250906	0.2201
44.4072	0.249902	0.219379
24.0416	0.250634	0.219871
26.9258	0.250313	0.221518
28.8617	0.250258	0.220388
25	0.250174	0.219886
29.8329	0.25006	0.2202
31.7805	0.249747	0.219359
29.1548	0.250404	0.220235
32.7567	0.250437	0.220506
35.6931	0.25036	0.220155
30.8058	0.250874	0.220431
38.6394	0.250828	0.219786
34.7131	0.24989	0.218683
37.6563	0.250844	0.21937
36.6742	0.249398	0.219056
40.6079	0.250847	0.22048
42.5793	0.25053	0.220461
43.566	0.249941	0.219152
31.0161	0.251116	0.22021
45.5412	0.251682	0.221197
46.5296	0.251341	0.220805
39.6232	0.251202	0.220937
48.5077	0.250767	0.220411
11.3137	0.249789	0.219741
12.0416	0.250021	0.219953
49.4975	0.251219	0.221081
13.6015	0.251127	0.219917
12.8062	0.249665	0.219178
16.1245	0.250048	0.219032
15.2643	0.251357	0.220757
14.4222	0.250207	0.220047
17.8885	0.251077	0.220539
18.7883	0.249962	0.220071
19.6977	0.250076	0.220931
20.6155	0.249723	0.219658
22.4722	0.250639	0.21937
41.5933	0.251737	0.221568
27.2029	0.250456	0.21918
28.1603	0.251251	0.220767
25.2982	0.250458	0.220467
21.5407	0.251574	0.220687
26.2488	0.250042	0.219656
25.9615	0.250242	0.2195
17.6918	0.250115	0.219589
18.4391	0.249925	0.218757
29.1204	0.250272	0.21962
31.0483	0.250704	0.219645
32.0156	0.25175	0.220661
24.3516	0.251023	0.221382
30.0832	0.250352	0.219505
33.9559	0.250196	0.219807
32.9848	0.250094	0.219126
36.8782	0.251058	0.219478
37.855	0.251369	0.220933
26.8328	0.249925	0.21974
39.8121	0.249839	0.219031
23.3238	0.251144	0.221443
24.1868	0.250588	0.220686
38.833	0.250223	0.22042
37.9473	0.250439	0.220161
35.1141	0.249859	0.219038
33.2415	0.250671	0.220455
40.7922	0.251114	0.221503
20	0.250783	0.220877
30.4631	0.250507	0.219774
31.3847	0.250849	0.220093
29.5466	0.251083	0.220067
44.7214	0.25095	0.22034
43.7379	0.251318	0.221019
14.1421	0.250495	0.220831
35.9026	0.251546	0.221726
19.2094	0.250589	0.219691
41.7732	0.25073	0.220667
45.7056	0.250215	0.219622
50.448	0.249334	0.219073
18.3848	0.251602	0.221509
48.6621	0.251759	0.221741
13.4536	0.249756	0.21941
49.6488	0.250685	0.220556
12.7279	0.251019	0.221785
15	0.250159	0.218756
19.2354	0.250521	0.219596
20.1246	0.249949	0.219256
21.0238	0.250156	0.220092
17.4929	0.251153	0.221322
14.2127	0.249603	0.219725
15.8114	0.250665	0.220984
25.632	0.250405	0.219559
46.6905	0.251309	0.221468
28.4605	0.249659	0.219661
27.5136	0.249877	0.21887
20.6155	0.25128	0.220837
26.5707	0.249817	0.21901
30.3645	0.250049	0.220053
23.7697	0.250064	0.218632
34.2053	0.250658	0.220118
33.2415	0.250767	0.220566
31.3209	0.25078	0.220854
38.0789	0.250324	0.220358
39.0512	0.249901	0.220071
36.1386	0.249518	0.219017
37.108	0.249057	0.218836
35.171	0.250857	0.219325
41	0.250832	0.220037
45.8912	0.25043	0.220871
41.9762	0.250075	0.219843
43.9318	0.250357	0.22072
46.8722	0.250187	0.218763
48.8365	0.250424	0.219714
47.8539	0.250585	0.22023
14.8661	0.250625	0.219869
16.4012	0.25069	0.220514
17.2047	0.251562	0.221701
18.0278	0.249546	0.219378
21.4709	0.24982	0.21842
36.4005	0.250999	0.220287
26	0.250054	0.220201
26.9258	0.250527	0.220051
19.7231	0.250516	0.219954
40.025	0.251614	0.222562
28.7924	0.249425	0.219005
24.6982	0.25039	0.22031
30.6757	0.250106	0.22009
31.6228	0.251021	0.220049
33.5261	0.250254	0.219977
23.6008	0.25154	0.220579
22.8035	0.250134	0.219589
36.4005	0.251527	0.221737
20.5913	0.251651	0.220972
45.8803	0.250239	0.219934
27.8568	0.251119	0.221216
42.45	0.251064	0.220672
34.4819	0.250334	0.220345
37.3631	0.250958	0.220497
40.2616	0.25037	0.220245
38.3275	0.250342	0.219023
39.2938	0.250686	0.219675
43.1741	0.250475	0.219976
25.2389	0.251054	0.221082
41.2311	0.250538	0.220175
46.0977	0.250818	0.219804
48.0521	0.250461	0.219817
44.1475	0.250574	0.220346
45.1221	0.250747	0.219965
49.0306	0.250655	0.220866
47.0744	0.249574	0.218916
17.8045	0.249922	0.219177
50.01	0.249469	0.218149
16.2788	0.252212	0.221776
20.2485	0.250473	0.22044
17.0294	0.249802	0.21926
15.5563	0.251329	0.221121
19.4165	0.251268	0.220559
18.6011	0.251374	0.221441
22.8254	0.250753	0.219972
23.7065	0.250457	0.220584
25.4951	0.25105	0.219591
21.095	0.249643	0.218862
32.573	0.251	0.220407
27.313	0.251297	0.22161
32.8938	0.249479	0.218477
30.0832	0.250343	0.21994
28.2312	0.249353	0.218024
31.9531	0.250348	0.220347
33.8378	0.252043	0.221942
35.7351	0.250256	0.219871
34.7851	0.250893	0.220592
37.6431	0.250116	0.220058
38.6005	0.251105	0.220175
36.6879	0.25066	0.220349
41.4849	0.251133	0.220806
43.4166	0.250965	0.220399
45.3542	0.250866	0.220178
26.4008	0.25043	0.220553
47.2969	0.251793	0.221783
48.2701	0.249577	0.219308
46.3249	0.251391	0.221245
39.5601	0.2503	0.219056
50.2195	0.250479	0.21971
40.5216	0.250943	0.219504
16.9706	0.25019	0.219268
21.6333	0.251843	0.221634
25	0.25097	0.221068
24.2074	0.250794	0.2198
49.0408	0.251145	0.221071
35.8469	0.250109	0.219367
50	0.250444	0.21972
22.4722	0.249823	0.219574
25.0599	0.251297	0.220644
20.8087	0.250592	0.219699
47.1275	0.250185	0.219148
44.3847	0.250307	0.219242
49.2443	0.250064	0.220218
25.9422	0.25105	0.221497
46.1736	0.249591	0.219522
32.311	0.249646	0.219097
28.6356	0.250988	0.220521
39.5601	0.249997	0.219245
34.176	0.250189	0.219834
27.7308	0.248864	0.218104
37	0.250764	0.22034
38.8973	0.251117	0.220709
36.0555	0.250824	0.220845
39.8497	0.249556	0.218844
41.7612	0.250845	0.219865
43.6807	0.25102	0.220586
44.643	0.251534	0.220955
49.4773	0.249723	0.218893
42.72	0.251065	0.221095
46.5725	0.251379	0.221669
39	0.250894	0.220637
40.8044	0.251131	0.220877
45.607	0.251323	0.22085
41.7852	0.250587	0.22149
43.6578	0.250877	0.220825
19.8494	0.251169	0.220403
19.105	0.250867	0.219994
48.3839	0.250348	0.219571
23.8537	0.248856	0.217719
24.6982	0.250098	0.219021
47.5395	0.250352	0.22026
26.4197	0.250988	0.219857
21.4009	0.250335	0.220663
23.0217	0.250778	0.220147
28.178	0.251324	0.221676
29.0689	0.250157	0.220111
23.3452	0.250088	0.219709
27.2947	0.250689	0.220253
48.5077	0.250433	0.219947
28.0179	0.250547	0.219566
31.3847	0.250634	0.219565
29.6816	0.251336	0.221335
22.2036	0.249894	0.219416
25.5539	0.25095	0.221179
31.7805	0.25093	0.220608
29.9666	0.25271	0.222802
35.4683	0.250972	0.220309
34.5398	0.250209	0.220102
33.6155	0.249988	0.219041
37.3363	0.250133	0.219287
38.2753	0.25109	0.220202
40.1622	0.250315	0.219375
39.2173	0.250822	0.220576
42.0595	0.251484	0.221703
41.1096	0.249803	0.219619
30.8707	0.249643	0.219424
40.3113	0.251916	0.2217
44.9222	0.250708	0.220158
46.8402	0.250859	0.220947
43.9659	0.250846	0.220232
32.6956	0.250342	0.219573
48.7647	0.250488	0.22004
45.8803	0.250536	0.220706
44.9444	0.251176	0.220516
50.6952	0.251732	0.221119
49.7293	0.250556	0.220457
43.0116	0.250464	0.220242
47.8017	0.250892	0.219319
20.5183	0.250443	0.220197
19.799	0.25098	0.220555
24.0416	0.251349	0.220475
24.4131	0.250809	0.221115
21.2603	0.250196	0.219085
22.0227	0.250865	0.220658
26.9258	0.250735	0.220425
26.0768	0.250526	0.219984
31.305	0.249888	0.219433
32.2025	0.250892	0.220093
30.4138	0.250757	0.220343
27.7849	0.250241	0.220284
25.4558	0.250787	0.221209
29.5296	0.251426	0.221132
34.9285	0.2509	0.220895
28.6531	0.250133	0.22019
31.9061	0.250458	0.219363
33.6155	0.249554	0.218623
37.6962	0.249782	0.21819
38.6264	0.25088	0.220836
40.4969	0.250936	0.221036
34.0147	0.250196	0.220828
27.8029	0.250587	0.220801
42.3792	0.250566	0.219604
41.4367	0.251249	0.220825
36.7696	0.250534	0.219553
43.3244	0.25082	0.219899
27.6586	0.25008	0.21919
30.8058	0.249558	0.219916
42.0476	0.249907	0.219831
32.45	0.251383	0.220592
50.3289	0.251395	0.221072
45.2217	0.250815	0.220878
51.264	0.250847	0.220887
37.5899	0.250716	0.22021
50.9608	0.249892	0.220011
38.9487	0.249765	0.219239
33.0151	0.251045	0.220773
31.4006	0.249558	0.218587
43.382	0.250612	0.219545
45.1885	0.250349	0.220132
44.2719	0.250337	0.220005
48.0833	0.250912	0.219995
21.2132	0.249437	0.218651
41.5933	0.250302	0.220558
23.4307	0.249325	0.21832
22.6716	0.250984	0.21948
52.5547	0.250786	0.22129
25.807	0.250156	0.219438
21.9317	0.250025	0.219695
34.1321	0.250312	0.219412
42.4853	0.250467	0.220759
28.3019	0.250391	0.219951
29.7321	0.250473	0.220564
29	0.250109	0.218764
39.4462	0.250184	0.219265
37.7359	0.25026	0.219855
36.0555	0.250225	0.219709
34.4093	0.251566	0.220623
33.6006	0.250351	0.219723
30.0167	0.251092	0.220507
29.1548	0.250159	0.219835
31.7648	0.250299	0.219557
26.6271	0.250741	0.220448
30.8869	0.249778	0.219723
27.4591	0.25107	0.220568
33.1059	0.251823	0.221828
35.3412	0.250444	0.220162
42.9418	0.251174	0.221168
36.2491	0.250721	0.219678
34.4384	0.250522	0.220202
38.0789	0.251148	0.220444
37.1618	0.250809	0.221355
44.5982	0.250426	0.219511
50.1597	0.25058	0.220159
47.4342	0.249593	0.218843
51.2445	0.250453	0.219541
50.2892	0.250357	0.219529
42.72	0.249961	0.219342
49.3356	0.250685	0.219679
46.4866	0.249962	0.220173
22.6274	0.251559	0.222125
26.4008	0.250759	0.220441
25.6125	0.252299	0.222383
27.2029	0.25063	0.220049
24.8395	0.249988	0.219563
24.0832	0.249881	0.218926
45.5412	0.250631	0.220406
28.8444	0.251403	0.221669
30.5287	0.250507	0.220224
39.9249	0.250329	0.219021
32.6497	0.250283	0.220251
32.249	0.249786	0.219144
33.121	0.249977	0.219247
34	0.250894	0.220009
35.7771	0.250547	0.220159
36.6742	0.251396	0.221127
37.5766	0.250674	0.219173
39.3954	0.251112	0.220336
38.4838	0.250941	0.220536
41.2311	0.250108	0.219098
42.1545	0.250485	0.219735
44.0114	0.25113	0.220639
47.7598	0.251356	0.221472
43.0813	0.250253	0.220401
48.7032	0.249716	0.219652
33.541	0.251075	0.221586
49.6488	0.251176	0.22012
24.7588	0.25046	0.220053
25.4951	0.251128	0.220991
27.0185	0.250226	0.218525
26.2488	0.249955	0.219418
51.5461	0.2499	0.2195
28.6007	0.249899	0.218115
29.4109	0.250911	0.220393
30.2324	0.251594	0.221415
31.0644	0.251056	0.220307
32.7567	0.250851	0.220731
35.3553	0.25124	0.220112
34.4819	0.249745	0.219431
37.1214	0.251788	0.221369
38.0132	0.25106	0.221026
40.7185	0.249713	0.219103
41.6293	0.250104	0.219502
45.31	0.25089	0.219943
39.8121	0.251065	0.220581
42.5441	0.251237	0.220739
43.4626	0.250177	0.219304
46.2385	0.250569	0.219846
44.3847	0.250769	0.221747
38.9102	0.251116	0.220452
49.98	0.249926	0.218806
49.0408	0.251147	0.220393
48.1041	0.250761	0.220628
50.9215	0.250819	0.220593
46.8188	0.250048	0.21884
51.8652	0.250447	0.220244
30	0.250198	0.219617
33.2866	0.249797	0.21942
26.9072	0.250474	0.219982
47.1699	0.249838	0.219113
29.2062	0.250196	0.220379
36.2353	0.251498	0.221068
28.4253	0.250399	0.220124
36.7151	0.24883	0.218715
34.9857	0.250141	0.220688
35.8469	0.250966	0.219823
40.2492	0.251041	0.220723
39.3573	0.250593	0.220565
31.6228	0.250672	0.220183
38.4708	0.250959	0.220595
41.1461	0.251228	0.220864
43.8634	0.250506	0.220674
46.6154	0.249705	0.219864
44.7772	0.25134	0.220205
42.9535	0.249791	0.218662
45.6946	0.250384	0.220776
47.5395	0.250364	0.219224
49.3964	0.250988	0.220559
26.1725	0.250569	0.219197
26.8701	0.249373	0.21862
48.4665	0.251269	0.222102
28.3196	0.250053	0.220083
52.2015	0.250429	0.219684
30.6105	0.249974	0.219379
29.0689	0.249508	0.218521
29.8329	0.250687	0.220176
40.8534	0.251052	0.221222
32.2025	0.25076	0.221133
34.6699	0.250301	0.220129
35.5106	0.250021	0.218718
38.0789	0.250326	0.21968
37.2156	0.251616	0.221531
39.8246	0.250134	0.21963
36.3593	0.250617	0.220058
40.7063	0.249547	0.219841
44.2832	0.250243	0.21923
47.0106	0.250329	0.220538
46.0977	0.25176	0.220721
48.8467	0.251052	0.220096
47.927	0.250505	0.219727
49.7695	0.250473	0.220066
33.8378	0.251235	0.219498
27.5862	0.249442	0.219316
50.5964	0.249913	0.218903
34.8855	0.249891	0.219458
50.6952	0.250207	0.219534
28.2843	0.250156	0.219378
31.241	0.249845	0.219172
51.6236	0.250854	0.221291
30.4795	0.25027	0.220188
53.3104	0.249457	0.219204
38.5876	0.250624	0.220308
40.3113	0.25151	0.220839
36.8917	0.250568	0.220431
35.2278	0.251171	0.221317
42.0595	0.24994	0.219695
41.1825	0.250485	0.219641
44.7214	0.251809	0.221171
46.5188	0.25103	0.220492
45.618	0.250152	0.219423
43.8292	0.250573	0.22052
48.3322	0.25041	0.220422
49.2443	0.250707	0.220206
52	0.250895	0.221374
52.9245	0.250927	0.220353
29.6985	0.249228	0.219135
30.4138	0.25057	0.219661
31.1448	0.250227	0.22022
32.6497	0.251046	0.220266
47.4236	0.251403	0.221341
51.0784	0.251127	0.220991
34.2053	0.249927	0.21928
35.805	0.251576	0.2212
37.4433	0.250344	0.219644
35	0.250951	0.219992
38.2753	0.250164	0.220043
36.6197	0.250101	0.219963
39.1152	0.250434	0.220408
33.4215	0.250374	0.220393
41.6773	0.250799	0.220251
39.9625	0.250642	0.220511
43.4166	0.250253	0.220094
44.2945	0.249938	0.21891
45.1774	0.250463	0.219081
46.0652	0.25002	0.219458
42.5441	0.25034	0.219521
48.7545	0.249371	0.219725
47.8539	0.251141	0.221056
31.1127	0.252854	0.22269
51.4782	0.250331	0.219413
50.5668	0.250936	0.220406
32.8024	0.250266	0.219638
49.6588	0.250955	0.220827
31.8277	0.250741	0.220663
32.5576	0.250322	0.219108
40.8167	0.250245	0.219801
46.9574	0.25074	0.221447
34.0588	0.250226	0.219065
31.8904	0.250944	0.21971
33.3017	0.251182	0.22063
35.609	0.251239	0.221867
34.8281	0.251088	0.220475
52.3927	0.250025	0.218188
32.0156	0.251176	0.220924
36.4005	0.250365	0.219647
38.0132	0.251185	0.220808
37.2022	0.250402	0.219828
40.4969	0.250411	0.218999
39.6611	0.250597	0.220299
38.833	0.250931	0.220621
43.0465	0.250754	0.219486
41.3401	0.251022	0.220493
42.19	0.251038	0.220273
43.909	0.250325	0.218934
44.7772	0.251232	0.221427
45.6508	0.250407	0.219656
44.4185	0.249673	0.219082
49.1935	0.251005	0.22049
47.4131	0.250824	0.220383
48.3011	0.249786	0.219363
50.9902	0.250564	0.220656
46.5296	0.251223	0.221481
57.4543	0.24946	0.219719
50.0899	0.250353	0.219398
58.2495	0.250844	0.219404
48.8365	0.250884	0.220263
51.8556	0.250627	0.220196
51.6236	0.249795	0.218717
57.4282	0.251936	0.221021
51.4004	0.249775	0.219233
52.0096	0.249756	0.218264
56.2228	0.250268	0.22038
32.5269	0.250132	0.219856
51.8941	0.250353	0.220339
33.2415	0.250483	0.221061
53.7122	0.249718	0.219606
34.7131	0.250163	0.219997
52.8015	0.250593	0.220295
35.4683	0.250942	0.221059
36.2353	0.250753	0.220724
37.0135	0.250871	0.220789
39.4081	0.250427	0.220155
38.6005	0.250444	0.220277
37.8021	0.250176	0.220142
40.2244	0.249718	0.219933
41.8808	0.250504	0.220038
42.72	0.250667	0.220225
43.566	0.249927	0.21877
45.2769	0.249918	0.219622
41.0488	0.251766	0.221425
46.1411	0.249835	0.220062
47.0106	0.249708	0.218798
48.7647	0.251334	0.220694
49.6488	0.250172	0.22062
50.5371	0.250929	0.220724
53.2259	0.250453	0.220083
47.8853	0.250018	0.219336
52.3259	0.250779	0.220171
51.4296	0.250839	0.220559
34.6554	0.250245	0.220455
54.1295	0.249645	0.22005
33.9706	0.250325	0.220269
63.1269	0.250488	0.219248
59.0339	0.249874	0.219248
35.3836	0.250556	0.220659
36.1248	0.25054	0.21995
37.6431	0.24999	0.219955
40.8044	0.250209	0.219578
41.6173	0.250772	0.219721
44.1022	0.250779	0.220836
45.793	0.249626	0.219847
42.4382	0.250454	0.21981
63.7809	0.250602	0.220137
43.2666	0.250682	0.221064
40	0.249556	0.219259
46.6476	0.251086	0.22103
46.0435	0.250302	0.220021
44.9444	0.250825	0.220391
47.5079	0.251178	0.220015
39.2046	0.250784	0.219472
38.4187	0.250217	0.218704
48.3735	0.24988	0.219685
50.1199	0.250583	0.221004
52.7731	0.250006	0.219224
51.8845	0.251137	0.221906
49.2443	0.249979	0.220146
53.6656	0.250839	0.219919
54.5619	0.249263	0.218381
36.8782	0.25183	0.221838
33.9411	0.250343	0.220205
35.3553	0.251133	0.220467
36.0694	0.249597	0.219022
51	0.250513	0.220459
36.7967	0.25063	0.220527
37.5366	0.250592	0.219937
64.5368	0.250592	0.220522
39.8246	0.249447	0.219119
39.0512	0.250393	0.219166
41.4005	0.250928	0.220578
38.2884	0.250523	0.220029
43.0116	0.251487	0.220769
42.2019	0.250576	0.220028
65.192	0.249342	0.217977
63.6553	0.2512	0.220603
44.6542	0.250964	0.220377
43.8292	0.250435	0.220967
40.6079	0.250097	0.219468
64.3817	0.249852	0.219834
47.1699	0.251022	0.221404
45.4863	0.250146	0.219704
63.6396	0.251145	0.221266
46.3249	0.251042	0.221192
49.7393	0.25085	0.220791
48.8774	0.251544	0.221746
50.6063	0.250689	0.219504
51.4782	0.249723	0.219246
48.0208	0.251058	0.220649
53.2353	0.249989	0.21942
54.1202	0.250779	0.220915
55.0091	0.249629	0.219175
38.2099	0.249882	0.219359
38.9487	0.251159	0.221782
52.3546	0.251009	0.221026
36.7696	0.249159	0.218777
41.2311	0.251092	0.219967
45.2217	0.250752	0.219991
39.6989	0.25085	0.220681
37.4833	0.251682	0.220355
42.0119	0.250493	0.220748
40.4599	0.250406	0.220084
43.6005	0.250086	0.219673
42.8019	0.249846	0.219029
50.2494	0.250502	0.221156
48.5489	0.250388	0.22009
47.7074	0.250459	0.220326
44.4072	0.249772	0.219143
51.1077	0.249288	0.218513
51.9711	0.250282	0.220758
52.8394	0.251407	0.220287
46.8722	0.250412	0.220127
54.5894	0.250986	0.221685
38.1838	0.251207	0.222254
55.4707	0.250293	0.219542
40.3609	0.250788	0.219847
53.7122	0.250872	0.220328
49.3964	0.250771	0.220343
38.8973	0.251165	0.220388
39.6232	0.251838	0.22296
41.8688	0.250284	0.220738
65.0692	0.251456	0.221494
42.638	0.250219	0.218842
43.4166	0.249539	0.218959
45	0.250377	0.220006
46.6154	0.250669	0.220087
49.0918	0.251215	0.221704
45.8039	0.251438	0.221084
48.2597	0.25028	0.219928
47.4342	0.249645	0.21957
49.93	0.249151	0.217889
55.9464	0.250553	0.220618
55.0727	0.249897	0.219694
52.4786	0.25177	0.221175
53.3385	0.250814	0.219487
51.6236	0.251199	0.220629
40.3113	0.251008	0.220475
42.5206	0.250677	0.220852
41.0366	0.250769	0.220329
41.7732	0.250047	0.219606
39.598	0.251484	0.219931
44.0454	0.250562	0.220135
54.2033	0.250791	0.220617
44.8219	0.250152	0.220319
45.607	0.250874	0.220991
48.8262	0.250997	0.220428
48.0104	0.24938	0.218614
47.2017	0.250418	0.220352
50.4777	0.249564	0.21882
49.6488	0.25044	0.22079
43.2782	0.250172	0.220154
50.774	0.250449	0.219461
66.468	0.249602	0.220657
54.7083	0.25054	0.219702
53.8516	0.249857	0.218834
55.5698	0.250222	0.218776
51.3128	0.250522	0.219863
56.4358	0.250655	0.220041
41.0122	0.250844	0.220586
43.1856	0.250366	0.220568
42.45	0.250618	0.220652
44.6878	0.25008	0.220171
45.4533	0.251399	0.220772
43.9318	0.251095	0.220251
41.7253	0.249697	0.219091
47.8017	0.250292	0.220288
47.0106	0.250867	0.220119
46.2277	0.250071	0.219932
49.4065	0.24946	0.219367
50.2195	0.250755	0.220052
51.8652	0.251406	0.220488
48.6004	0.250899	0.221266
51.0392	0.250373	0.2199
54.3783	0.251353	0.220306
53.535	0.250822	0.220388
56.0803	0.251179	0.220601
52.1536	0.250484	0.220577
42.4264	0.250795	0.220486
43.1393	0.248843	0.218139
56.9386	0.251016	0.219956
44.5982	0.250417	0.220108
45.3431	0.251457	0.220432
43.8634	0.249834	0.218323
46.0977	0.250625	0.219415
48.4149	0.250419	0.219968
46.8615	0.250742	0.22072
52.6972	0.250106	0.220012
53	0.249053	0.218197
49.2037	0.250557	0.220189
44.2041	0.25191	0.221783
46.4004	0.250423	0.220504
51.614	0.250742	0.220244
67.8823	0.25071	0.220583
50.8035	0.250662	0.219645
47.634	0.25016	0.219725
52.4309	0.249904	0.219322
54.0833	0.250409	0.220152
55.7584	0.251111	0.220563
56.6039	0.251039	0.220636
54.9181	0.251851	0.220817
45.2769	0.250593	0.220947
46.0109	0.250354	0.220709
44.5533	0.249798	0.220108
53.2541	0.250454	0.221509
46.7547	0.250575	0.220618
47.5079	0.251188	0.220444
43.8406	0.249343	0.218891
49.0408	0.250928	0.220553
55.2268	0.250779	0.220144
50	0.250477	0.219639
41.1096	0.250715	0.221426
50.6063	0.251121	0.220686
48.2701	0.250869	0.220184
53.0094	0.251126	0.221351
53.8238	0.249716	0.219696
54.6443	0.250581	0.220706
56.3028	0.251352	0.221393
55.4707	0.250295	0.220173
57.1402	0.250076	0.219867
57.9828	0.250683	0.220195
46.6905	0.249942	0.219902
45.2548	0.251026	0.219375
49.8197	0.251497	0.22201
45.9674	0.250234	0.219818
48.1664	0.250727	0.219236
48.9183	0.250952	0.221355
50.448	0.250111	0.219759
49.679	0.250376	0.220436
52.8015	0.250319	0.219313
51.225	0.250713	0.219526
46.669	0.248893	0.218046
57.6888	0.250659	0.220591
55.2178	0.251529	0.221482
56.8595	0.250322	0.219877
56.0357	0.250749	0.220944
53.6004	0.250465	0.220041
58.5235	0.250425	0.220095
47.3814	0.250772	0.220531
48.1041	0.249846	0.219803
49.5782	0.251115	0.220081
50.3289	0.249506	0.21891
51.0882	0.249668	0.217998
54.2033	0.250643	0.219975
55.8032	0.250663	0.221334
56.6127	0.250688	0.220045
59.0762	0.249891	0.2194
55	0.250396	0.219925
48.0833	0.249523	0.219653
48.7955	0.249837	0.218795
49.5177	0.250362	0.219923
53.2635	0.249387	0.219639
54.037	0.25089	0.220694
50.2494	0.25142	0.221735
50.9902	0.250701	0.221026
52.6308	0.25041	0.220306
52.4976	0.250369	0.220143
55.6058	0.250795	0.220294
56.4004	0.250956	0.220652
57.2014	0.249461	0.219775
51.7397	0.251497	0.221121
59.6406	0.25097	0.220498
58.8218	0.250879	0.220794
58.0086	0.249968	0.219536
54.8179	0.249981	0.219242
51.6624	0.25114	0.221077
50.9313	0.250299	0.220527
50.2096	0.250061	0.219086
52.4023	0.25046	0.219854
54.6717	0.251654	0.221651
53.1507	0.249973	0.219934
49.4975	0.248638	0.218865
53.9073	0.250911	0.220567
57.0088	0.249924	0.21995
47.4236	0.251468	0.221479
57.8014	0.251181	0.220513
54.4059	0.250283	0.220123
52.2015	0.250736	0.219387
58.6003	0.250728	0.22014
60.2163	0.251083	0.220612
55.4437	0.25099	0.220892
50.9117	0.251641	0.221138
53.8145	0.249215	0.218091
52.345	0.251177	0.221518
53.0754	0.24991	0.218811
54.5619	0.250202	0.220032
56.0803	0.250718	0.220482
56.8507	0.250724	0.22121
58.4123	0.249993	0.219665
59.203	0.251099	0.220414
57.6281	0.251119	0.220504
53.7587	0.250548	0.220438
53.0377	0.251136	0.221003
55.9732	0.249822	0.21925
56.7274	0.251015	0.221046
54.4885	0.25048	0.219852
57.4891	0.25021	0.219222
55.2268	0.250542	0.219365
52.3259	0.250547	0.221459
58.258	0.25047	0.220219
60.6053	0.250525	0.220855
53.7401	0.251646	0.220985
54.4518	0.25052	0.220535
61.4003	0.250731	0.219277
55.1725	0.250378	0.220558
55.9017	0.250243	0.2192
59.8164	0.250664	0.220696
60	0.251099	0.220568
57.3847	0.250116	0.220273
56.6392	0.250261	0.219401
58.1378	0.249916	0.220062
59.6657	0.249794	0.21979
60.4401	0.250953	0.220082
58.8982	0.251726	0.221405
55.1543	0.250912	0.220989
62.0081	0.251138	0.221313
55.8659	0.250597	0.219977
61.2209	0.250601	0.219869
57.3149	0.251747	0.222131
58.7963	0.250505	0.220316
55.3173	0.250964	0.220002
59.5483	0.250751	0.221043
60.803	0.25108	0.220899
61.0737	0.250757	0.221544
58.0517	0.250521	0.220038
59.4054	0.251337	0.221394
61.8466	0.251158	0.220546
53.4135	0.251045	0.220551
56.5862	0.249777	0.219531
60.3075	0.251066	0.219786
57.28	0.250637	0.221095
58	0.250374	0.219837
60.208	0.250041	0.219433
59.4643	0.250069	0.220052
58.7282	0.249864	0.219689
60.959	0.250944	0.220892
57.9828	0.25193	0.221431
61.7171	0.250311	0.220219
59.4138	0.250941	0.221196
62.482	0.25055	0.220181
63.2535	0.25028	0.219502
60.1415	0.250362	0.21953
61.6198	0.250232	0.220015
58.6941	0.250614	0.219526
60.8769	0.251452	0.221837
63.8905	0.25051	0.22037
62.3699	0.250293	0.219214
59.397	0.251286	0.221033
56.5685	0.251109	0.221336
60.8276	0.250314	0.219936
61.5549	0.251297	0.221181
63.0317	0.250889	0.220136
62.2896	0.249942	0.218812
60.8112	0.250879	0.220919
61.5224	0.250697	0.220465
62.2415	0.251308	0.221026
62.9365	0.249833	0.219393
62.9682	0.250793	0.220574
64.4438	0.251366	0.220927
62.2254	0.249875	0.218821
63.7024	0.250649	0.22098
65.1153	0.250135	0.219456
65.8559	0.250884	0.220098
64.3506	0.250859	0.220353
65.7951	0.250112	0.220465
66.5282	0.251419	0.220767
65.0538	0.251085	0.220737
67.2086	0.250015	0.219799
67.1789	0.249406	0.218439
68.593	0.250962	0.221194
65.7647	0.249779	0.218676
67.897	0.251306	0.220337
69.2965	0.250217	0.219322
66.4831	0.249221	0.218648
62.6259	0.250594	0.219233
