0	0	0
0	1	-69.2866
0	2	-11.4484
0	3	2.65611
0	4	-6.16691
0	5	19.3274
0	6	9.7029
0	7	4.13994
0	8	-23.1632
0	9	-4.68228
0	10	2.26242
0	11	0.0641474
0	12	7.37129
0	13	-1.68839
0	14	0.0192198
0	15	3.41272
0	16	-5.66066
0	17	-1.90774
0	18	-17.3401
0	19	-7.40228
0	20	5.37581
0	21	1.78171
0	22	-6.20089
0	23	-14.2101
0	24	-6.31642
0	25	6.32052
0	26	-8.49322
0	27	5.23025
0	28	1.2918
0	29	-11.2745
0	30	-2.10557
0	31	-0.744925
0	32	-4.89084
0	33	8.76405
0	34	-0.465113
0	35	1.84438
0	36	-7.71328
0	37	-0.880692
0	38	-5.05422
0	39	4.50837
0	40	-13.1529
0	41	-4.85753
0	42	10.5738
0	43	-7.08231
0	44	8.41815
0	45	-4.10516
0	46	-5.09626
0	47	6.67689
0	48	0.885387
0	49	1.03709
1	0	-0.482211
1	1	-27.9894
1	2	11.1194
1	3	4.13485
1	4	-1.84741
1	5	10.293
1	6	4.89888
1	7	10.8952
1	8	-9.36494
1	9	0.696068
1	10	-2.83657
1	11	-2.49955
1	12	-9.86714
1	13	-3.04335
1	14	3.42514
1	15	-6.10345
1	16	-1.73227
1	17	-0.372518
1	18	6.49017
1	19	0.925937
1	20	6.39537
1	21	-4.0231
1	22	0.691048
1	23	-3.57791
1	24	-0.299499
1	25	8.97485
1	26	-0.437116
1	27	9.38823
1	28	-2.98152
1	29	-0.610594
1	30	4.94145
1	31	-5.75174
1	32	6.14209
1	33	0.459992
1	34	0.943535
1	35	-6.89357
1	36	7.94515
1	37	2.35191
1	38	3.32455
1	39	-3.69285
1	40	-2.38978
1	41	2.44645
1	42	1.38528
1	43	0.718454
1	44	-7.76749
1	45	-3.17793
1	46	5.4096
1	47	-2.91231
1	48	-2.21184
1	49	-1.07816
2	0	16.8789
2	1	-17.6299
2	2	-20.0916
2	3	3.98389
2	4	-5.35545
2	5	-4.98931
2	6	0.698748
2	7	1.99278
2	8	6.07441
2	9	12.9669
2	10	-2.29194
2	11	7.87366
2	12	7.1314
2	13	-1.3943
2	14	6.50418
2	15	-0.417962
2	16	1.4783
2	17	2.38001
2	18	1.42027
2	19	-10.6962
2	20	1.49391
2	21	-10.2215
2	22	4.87226
2	23	-10.4967
2	24	-12.2004
2	25	-2.73849
2	26	14.1439
2	27	-6.76593
2	28	-8.1168
2	29	0.568653
2	30	5.78268
2	31	-3.85705
2	32	-12.1296
2	33	3.62183
2	34	0.496872
2	35	0.700668
2	36	-1.56567
2	37	1.76059
2	38	3.9857
2	39	4.66465
2	40	-6.97071
2	41	-2.62487
2	42	-7.12666
2	43	-0.145538
2	44	1.2059
2	45	-0.589454
2	46	0.150662
2	47	-1.3964
2	48	3.93475
2	49	-2.94856
3	0	8.79028
3	1	-47.8338
3	2	-14.1975
3	3	14.9476
3	4	-23.6308
3	5	5.39756
3	6	-8.40485
3	7	0.777077
3	8	-0.715155
3	9	-2.85158
3	10	-6.99108
3	11	-11.0227
3	12	2.73039
3	13	-1.91648
3	14	14.0362
3	15	5.81925
3	16	0.776839
3	17	6.4929
3	18	-5.82489
3	19	-1.35521
3	20	14.1919
3	21	-2.55042
3	22	-3.82496
3	23	11.0427
3	24	0.840881
3	25	6.20763
3	26	-1.17463
3	27	-0.322973
3	28	-7.02206
3	29	-7.6837
3	30	1.01804
3	31	5.81522
3	32	-1.11013
3	33	5.18481
3	34	9.25007
3	35	-5.80286
3	36	-4.70074
3	37	-2.71895
3	38	-2.27601
3	39	-12.7767
3	40	-3.33764
3	41	0.221981
3	42	2.85129
3	43	-4.35708
3	44	1.54902
3	45	-0.443959
3	46	-3.73174
3	47	3.48632
3	48	3.5483
3	49	7.03577
4	0	-49.5822
4	1	-6.25092
4	2	-4.20049
4	3	0.7882
4	4	-1.8242
4	5	4.14192
4	6	8.45826
4	7	-1.66853
4	8	-5.91854
4	9	-5.4294
4	10	9.89354
4	11	4.41792
4	12	-2.14417
4	13	4.44221
4	14	0.806002
4	15	-1.51917
4	16	2.53787
4	17	-0.805304
4	18	0.354979
4	19	-2.44949
4	20	5.04498
4	21	-3.84151
4	22	-6.50514
4	23	-13.6572
4	24	2.03319
4	25	2.61336
4	26	-5.1083
4	27	-0.973086
4	28	6.0001
4	29	-0.386144
4	30	0.00090767
4	31	-8.42947
4	32	-7.35359
4	33	-0.0476318
4	34	1.82998
4	35	4.19257
4	36	1.62849
4	37	11.6187
4	38	1.01794
4	39	-6.39864
4	40	-0.582166
4	41	2.77289
4	42	2.52691
4	43	3.02214
4	44	7.4538
4	45	-4.86675
4	46	4.13327
4	47	0.0353373
4	48	-0.152304
4	49	6.099
5	0	5.55802
5	1	-0.271467
5	2	-1.54919
5	3	-3.81342
5	4	-16.3716
5	5	-5.66955
5	6	-2.57189
5	7	-0.774727
5	8	6.06536
5	9	-13.2453
5	10	-6.53911
5	11	-12.1432
5	12	6.20839
5	13	-5.86604
5	14	2.52913
5	15	-4.02785
5	16	4.14619
5	17	3.41778
5	18	-5.62221
5	19	-0.532215
5	20	9.65652
5	21	4.65659
5	22	2.88398
5	23	-9.65295
5	24	0.925242
5	25	-2.23648
5	26	1.56905
5	27	-0.117655
5	28	-5.35308
5	29	4.40985
5	30	9.23904
5	31	3.78669
5	32	-0.720537
5	33	-8.5673
5	34	1.21962
5	35	5.6253
5	36	3.60672
5	37	1.29141
5	38	-3.1528
5	39	8.10183
5	40	3.39358
5	41	0.569793
5	42	-0.230596
5	43	0.824448
5	44	-8.13569
5	45	-9.08719
5	46	2.05905
5	47	2.82536
5	48	3.1271
5	49	4.53276
6	0	8.81248
6	1	-1.5533
6	2	-4.31522
6	3	-18.0969
6	4	-7.2502
6	5	11.808
6	6	2.23882
6	7	-7.24998
6	8	-6.46533
6	9	6.07094
6	10	0.692375
6	11	-8.85782
6	12	0.964033
6	13	-5.23754
6	14	5.17613
6	15	11.3946
6	16	-3.72761
6	17	-7.23695
6	18	-3.54325
6	19	2.75904
6	20	-2.52405
6	21	2.00815
6	22	2.69836
6	23	4.72612
6	24	3.83473
6	25	3.43749
6	26	-2.91941
6	27	-6.98043
6	28	4.0444
6	29	2.93121
6	30	-5.66345
6	31	-11.4533
6	32	2.13164
6	33	0.608712
6	34	0.718197
6	35	-5.40211
6	36	-2.94247
6	37	2.84116
6	38	-6.15564
6	39	6.88276
6	40	-0.947776
6	41	3.84546
6	42	-4.4292
6	43	2.86185
6	44	-0.0415145
6	45	3.69659
6	46	2.46305
6	47	-2.42175
6	48	-1.0916
6	49	-2.68778
7	0	4.41294
7	1	2.31476
7	2	5.22629
7	3	-4.31295
7	4	17.0065
7	5	-10.0362
7	6	7.19418
7	7	5.06132
7	8	-2.00065
7	9	-5.17453
7	10	-5.52298
7	11	12.6711
7	12	-0.354645
7	13	-4.76592
7	14	5.89064
7	15	-3.78909
7	16	0.545713
7	17	2.22799
7	18	9.49987
7	19	3.21819
7	20	2.77252
7	21	1.25557
7	22	11.9298
7	23	-13.6232
7	24	-2.06853
7	25	-9.50801
7	26	1.1319
7	27	7.44596
7	28	-1.93073
7	29	8.53321
7	30	-0.0905895
7	31	2.51423
7	32	-0.600332
7	33	-1.64245
7	34	-2.68331
7	35	3.92435
7	36	1.84254
7	37	6.48257
7	38	0.442337
7	39	-1.75056
7	40	-8.05649
7	41	-2.98406
7	42	-13.5991
7	43	-1.26479
7	44	6.50171
7	45	4.44787
7	46	5.89565
7	47	5.70252
7	48	-4.20468
7	49	2.48077
8	0	7.35048
8	1	-0.575247
8	2	16.7838
8	3	-6.72831
8	4	10.0401
8	5	-8.72157
8	6	-1.40103
8	7	24.394
8	8	5.14179
8	9	10.9537
8	10	-17.8729
8	11	0.00127836
8	12	11.0711
8	13	-2.07023
8	14	18.9466
8	15	-10.9815
8	16	-3.73752
8	17	-1.92088
8	18	2.47464
8	19	-3.00983
8	20	-0.0445586
8	21	3.1164
8	22	7.19365
8	23	9.10807
8	24	-0.452227
8	25	-6.41279
8	26	-6.98339
8	27	-4.24984
8	28	3.31816
8	29	4.81678
8	30	-4.16889
8	31	-2.41982
8	32	-0.797249
8	33	-3.81023
8	34	-1.46471
8	35	-5.09972
8	36	9.28638
8	37	-2.18861
8	38	-10.4542
8	39	2.11432
8	40	6.85664
8	41	0.491648
8	42	-4.91219
8	43	4.90405
8	44	-4.40748
8	45	1.59924
8	46	-3.66494
8	47	2.91957
8	48	-1.30977
8	49	-2.99077
9	0	-2.05625
9	1	1.08519
9	2	10.5308
9	3	-9.32363
9	4	-15.6671
9	5	-6.26311
9	6	17.1908
9	7	-2.86701
9	8	3.15215
9	9	20.3476
9	10	-4.09829
9	11	9.76957
9	12	4.2943
9	13	7.08814
9	14	-5.32898
9	15	-8.01325
9	16	-10.1951
9	17	2.81281
9	18	-6.04952
9	19	8.17413
9	20	-3.05462
9	21	-3.76707
9	22	0.395322
9	23	-3.12738
9	24	-9.42932
9	25	3.39589
9	26	0.753266
9	27	3.70128
9	28	1.83181
9	29	-3.41792
9	30	0.144144
9	31	-3.1952
9	32	1.24907
9	33	5.49937
9	34	-6.48531
9	35	-5.02455
9	36	-5.60461
9	37	2.47699
9	38	-0.375786
9	39	4.96947
9	40	-5.75283
9	41	0.11598
9	42	6.03772
9	43	9.81278
9	44	1.57043
9	45	-4.63669
9	46	3.16195
9	47	3.76684
9	48	2.76178
9	49	-2.84382
10	0	1.26003
10	1	6.13025
10	2	9.12122
10	3	6.5718
10	4	-11.9534
10	5	5.06583
10	6	8.13724
10	7	-8.24939
10	8	-9.9579
10	9	-9.0141
10	10	0.466753
10	11	3.87409
10	12	-2.27162
10	13	-1.48975
10	14	-7.5213
10	15	-12.4123
10	16	2.71443
10	17	-6.26486
10	18	14.2744
10	19	-2.6693
10	20	-4.83864
10	21	-7.04619
10	22	4.41676
10	23	3.66165
10	24	6.40317
10	25	-2.21306
10	26	-2.32278
10	27	-3.37198
10	28	4.45922
10	29	-3.57454
10	30	1.85666
10	31	6.6127
10	32	-1.81198
10	33	-4.3948
10	34	0.364073
10	35	-3.88334
10	36	7.11924
10	37	-1.27113
10	38	2.0022
10	39	8.18948
10	40	-2.08095
10	41	-1.40912
10	42	-9.90393
10	43	-7.90581
10	44	3.72525
10	45	2.01104
10	46	0.104333
10	47	-1.09833
10	48	-4.9901
10	49	3.0533
11	0	-3.17592
11	1	-3.44516
11	2	-8.6441
11	3	-1.08138
11	4	-18.5161
11	5	-13.3964
11	6	10.403
11	7	-7.09539
11	8	8.43394
11	9	-8.73381
11	10	-2.59255
11	11	2.9931
11	12	3.05793
11	13	10.1036
11	14	7.59985
11	15	13.9188
11	16	-1.43661
11	17	-3.74431
11	18	-1.11094
11	19	-4.8916
11	20	3.51802
11	21	1.49086
11	22	-5.24014
11	23	-2.40152
11	24	5.72862
11	25	5.10206
11	26	-6.28984
11	27	-5.8153
11	28	-6.86671
11	29	-4.7955
11	30	0.513299
11	31	-5.18289
11	32	-1.34132
11	33	-8.9856
11	34	-2.57331
11	35	7.02239
11	36	0.987007
11	37	4.35356
11	38	8.32483
11	39	7.07564
11	40	-1.4549
11	41	-3.95695
11	42	0.128042
11	43	0.838543
11	44	-4.51808
11	45	5.38844
11	46	4.54799
11	47	6.86224
11	48	3.95654
11	49	-5.47099
12	0	2.02564
12	1	-2.20971
12	2	-7.00405
12	3	-14.9412
12	4	1.69477
12	5	-8.12288
12	6	5.30413
12	7	3.78743
12	8	3.48436
12	9	-4.14206
12	10	-9.65667
12	11	4.40933
12	12	2.23949
12	13	0.616429
12	14	4.61525
12	15	0.288029
12	16	1.82523
12	17	2.5408
12	18	4.93384
12	19	-2.93879
12	20	4.1676
12	21	-1.93607
12	22	0.4792
12	23	-4.83515
12	24	2.7589
12	25	-1.67294
12	26	-5.13738
12	27	1.17883
12	28	-1.31044
12	29	6.33285
12	30	-3.03596
12	31	1.66374
12	32	2.3189
12	33	-0.6726
12	34	1.73124
12	35	-4.21707
12	36	-3.30792
12	37	7.75827
12	38	-1.39556
12	39	4.0866
12	40	-0.11766
12	41	0.290812
12	42	-0.748233
12	43	-2.54824
12	44	-2.22279
12	45	1.38317
12	46	1.98079
12	47	-3.61518
12	48	1.6891
12	49	9.14773
13	0	3.55327
13	1	-0.321049
13	2	-2.14215
13	3	-7.1721
13	4	5.96882
13	5	-13.0306
13	6	3.01864
13	7	8.35549
13	8	0.61081
13	9	1.65174
13	10	3.76535
13	11	-7.48115
13	12	4.29898
13	13	-0.538256
13	14	-2.07477
13	15	-7.08393
13	16	6.64795
13	17	3.03454
13	18	-15.3287
13	19	-1.01877
13	20	2.15349
13	21	6.63421
13	22	1.14216
13	23	4.71678
13	24	3.05721
13	25	-7.39289
13	26	5.43131
13	27	19.4652
13	28	-3.76741
13	29	-5.90452
13	30	-7.17828
13	31	5.70835
13	32	-2.10496
13	33	2.2519
13	34	-0.66003
13	35	-5.27308
13	36	-1.96657
13	37	-6.57285
13	38	-1.17919
13	39	3.93277
13	40	3.5103
13	41	-0.530004
13	42	-4.23205
13	43	0.233179
13	44	-5.4853
13	45	-0.848245
13	46	3.42227
13	47	5.38126
13	48	-4.93175
13	49	2.30625
14	0	11.0869
14	1	-3.7187
14	2	-8.01107
14	3	-9.4555
14	4	3.25281
14	5	11.617
14	6	-7.22337
14	7	-0.80226
14	8	-8.18814
14	9	6.10476
14	10	3.22549
14	11	12.1035
14	12	6.23128
14	13	11.8801
14	14	-1.94095
14	15	-0.638532
14	16	4.35315
14	17	-0.282466
14	18	-2.55695
14	19	-14.3623
14	20	2.85794
14	21	-0.0869875
14	22	-1.7172
14	23	-9.33537
14	24	1.11154
14	25	-1.57655
14	26	6.59168
14	27	5.76095
14	28	-0.150568
14	29	5.03879
14	30	-3.29364
14	31	-2.56606
14	32	1.89664
14	33	-3.21166
14	34	-2.4771
14	35	1.19398
14	36	11.5883
14	37	-5.42795
14	38	3.40849
14	39	-5.63375
14	40	5.07598
14	41	3.08928
14	42	-2.52919
14	43	0.180928
14	44	-1.13549
14	45	2.63614
14	46	-4.90424
14	47	-0.607198
14	48	-2.55827
14	49	9.04766
15	0	11.5098
15	1	10.2076
15	2	8.01752
15	3	13.3148
15	4	-3.54199
15	5	-6.31488
15	6	0.250946
15	7	6.38663
15	8	-11.255
15	9	1.67785
15	10	1.77622
15	11	-0.753308
15	12	4.40881
15	13	1.43626
15	14	-3.24238
15	15	-3.31582
15	16	5.10678
15	17	-1.52371
15	18	8.17051
15	19	-8.28231
15	20	-0.486875
15	21	1.37911
15	22	-3.82975
15	23	-2.35056
15	24	1.30574
15	25	6.13476
15	26	-3.22383
15	27	1.04628
15	28	6.41398
15	29	-0.407609
15	30	0.361342
15	31	1.04887
15	32	-4.20756
15	33	-1.10755
15	34	0.794585
15	35	-5.13356
15	36	2.39762
15	37	0.217874
15	38	1.61175
15	39	-1.65054
15	40	-1.53541
15	41	0.824488
15	42	6.20958
15	43	-0.871431
15	44	0.0852385
15	45	1.61589
15	46	-8.602
15	47	2.78678
15	48	-3.37327
15	49	-3.85667
16	0	9.10659
16	1	3.45975
16	2	-0.743034
16	3	10.42
16	4	-3.2172
16	5	-6.89747
16	6	6.26461
16	7	4.22747
16	8	-6.55166
16	9	-1.64425
16	10	7.52892
16	11	-4.1678
16	12	-6.74171
16	13	-3.82309
16	14	-4.02338
16	15	2.1565
16	16	-0.692436
16	17	-8.37597
16	18	-5.04478
16	19	3.04908
16	20	10.0393
16	21	15.679
16	22	1.36055
16	23	8.02918
16	24	-1.79959
16	25	3.39182
16	26	6.1622
16	27	-4.80879
16	28	-2.04466
16	29	2.35465
16	30	-2.04363
16	31	2.47654
16	32	-1.19163
16	33	-8.2799
16	34	0.535719
16	35	-3.77281
16	36	3.01275
16	37	2.76283
16	38	-5.55642
16	39	0.246426
16	40	-0.379904
16	41	3.15115
16	42	-5.78227
16	43	1.22018
16	44	-6.08531
16	45	-2.74972
16	46	-1.1613
16	47	2.9941
16	48	-3.53358
16	49	-3.98982
17	0	21.9196
17	1	-4.08643
17	2	2.10287
17	3	-13.397
17	4	0.546641
17	5	5.4664
17	6	-7.43117
17	7	0.957304
17	8	-0.954454
17	9	-1.71077
17	10	-5.90732
17	11	9.52012
17	12	7.01111
17	13	4.96232
17	14	-9.81819
17	15	-0.602144
17	16	-1.10236
17	17	6.89494
17	18	-3.80886
17	19	16.7753
17	20	-1.60028
17	21	-1.8769
17	22	-1.71163
17	23	-2.41491
17	24	-2.56505
17	25	3.10532
17	26	-2.89571
17	27	-3.59588
17	28	1.21033
17	29	-0.483323
17	30	-4.42925
17	31	-0.924294
17	32	5.0842
17	33	-8.82878
17	34	-4.25061
17	35	-1.41054
17	36	-2.65041
17	37	3.67134
17	38	-2.80746
17	39	2.3679
17	40	5.6447
17	41	3.12929
17	42	-2.58271
17	43	2.00434
17	44	3.07023
17	45	-1.83385
17	46	-5.5673
17	47	2.98992
17	48	2.78387
17	49	-9.34455
18	0	-2.47202
18	1	8.18403
18	2	6.05503
18	3	-6.32582
18	4	-0.769915
18	5	-9.97909
18	6	-1.68684
18	7	5.19022
18	8	-2.99121
18	9	5.02458
18	10	5.857
18	11	3.94899
18	12	3.22946
18	13	13.5215
18	14	0.00381614
18	15	-2.25812
18	16	1.93849
18	17	-1.55693
18	18	1.10372
18	19	0.647583
18	20	-6.62187
18	21	-4.58723
18	22	-7.76325
18	23	5.80569
18	24	2.71739
18	25	-8.88747
18	26	4.86963
18	27	-9.00814
18	28	-3.75924
18	29	2.42069
18	30	-2.32255
18	31	0.102334
18	32	-2.91944
18	33	-0.106775
18	34	-5.63419
18	35	5.93247
18	36	0.167413
18	37	4.54295
18	38	5.48406
18	39	1.25375
18	40	1.49542
18	41	-3.64735
18	42	1.55911
18	43	-7.81046
18	44	4.12217
18	45	-2.21467
18	46	-4.28255
18	47	1.61669
18	48	1.17823
18	49	7.72569
19	0	-7.48566
19	1	14.7327
19	2	1.56261
19	3	-6.94821
19	4	-8.87937
19	5	1.97637
19	6	1.93903
19	7	-8.92628
19	8	4.02092
19	9	8.0708
19	10	1.39516
19	11	-7.07242
19	12	-4.02066
19	13	-8.70681
19	14	-6.30146
19	15	-3.90727
19	16	1.24037
19	17	-2.4227
19	18	0.110174
19	19	6.41555
19	20	-2.44132
19	21	1.48467
19	22	-0.841897
19	23	-1.4777
19	24	6.54894
19	25	-1.90517
19	26	-4.09211
19	27	-3.08234
19	28	0.292369
19	29	3.47079
19	30	10.0558
19	31	-3.19439
19	32	-13.4854
19	33	0.567624
19	34	-3.14606
19	35	-0.735914
19	36	-2.1857
19	37	-0.386422
19	38	-3.01453
19	39	2.62502
19	40	5.26564
19	41	-5.43026
19	42	6.78398
19	43	2.06035
19	44	2.57658
19	45	-0.231743
19	46	1.77088
19	47	-5.50231
19	48	-6.47981
19	49	3.84928
20	0	-2.89311
20	1	9.3469
20	2	-3.68386
20	3	-4.29972
20	4	8.98966
20	5	6.32624
20	6	4.26437
20	7	-6.10325
20	8	8.90217
20	9	-0.747657
20	10	-2.80942
20	11	-1.12955
20	12	-8.82438
20	13	7.03553
20	14	6.36819
20	15	-3.34681
20	16	-5.28358
20	17	9.10023
20	18	-7.69266
20	19	-4.46187
20	20	0.237923
20	21	-9.69485
20	22	-10.6056
20	23	-0.96348
20	24	-2.24674
20	25	1.01912
20	26	-4.9031
20	27	-6.8276
20	28	-2.08349
20	29	4.59583
20	30	-5.33958
20	31	6.57357
20	32	1.98988
20	33	-2.91738
20	34	-5.0424
20	35	-1.42054
20	36	-1.92159
20	37	4.5069
20	38	1.01397
20	39	-4.23885
20	40	2.96525
20	41	-3.24458
20	42	-4.91445
20	43	3.4754
20	44	-4.40015
20	45	3.15786
20	46	0.201833
20	47	1.95947
20	48	2.47255
20	49	-7.66525
21	0	3.12375
21	1	0.986973
21	2	-1.53484
21	3	0.0357496
21	4	-10.1868
21	5	5.89578
21	6	-6.27689
21	7	-10.807
21	8	6.71178
21	9	3.49508
21	10	-1.15426
21	11	-1.15844
21	12	1.04445
21	13	-3.15313
21	14	3.21521
21	15	10.4677
21	16	5.45179
21	17	-0.929002
21	18	0.631649
21	19	1.07516
21	20	-3.5282
21	21	3.71034
21	22	2.52529
21	23	2.01271
21	24	-6.5742
21	25	4.24638
21	26	5.07532
21	27	6.10067
21	28	-0.721126
21	29	-6.67584
21	30	2.38763
21	31	-0.0543695
21	32	-2.40546
21	33	2.95546
21	34	-4.70778
21	35	3.21805
21	36	-4.90969
21	37	8.76658
21	38	-10.4014
21	39	2.66945
21	40	-1.1389
21	41	-2.68372
21	42	-7.82156
21	43	-3.13425
21	44	7.47335
21	45	3.41248
21	46	-1.82649
21	47	-1.93711
21	48	5.90046
21	49	-1.8976
22	0	-15.0936
22	1	-9.05013
22	2	3.08365
22	3	-7.56854
22	4	-16.8644
22	5	-6.33268
22	6	-2.76876
22	7	0.210001
22	8	-5.01832
22	9	-3.0647
22	10	8.32973
22	11	5.42779
22	12	-5.41236
22	13	0.621456
22	14	-0.205922
22	15	2.64438
22	16	4.89741
22	17	4.20249
22	18	9.94342
22	19	8.57051
22	20	-4.81936
22	21	-2.52076
22	22	5.44182
22	23	-6.63336
22	24	-7.33934
22	25	9.00498
22	26	0.259673
22	27	4.02724
22	28	1.65929
22	29	-5.89663
22	30	-4.25988
22	31	1.97192
22	32	1.78772
22	33	-1.81964
22	34	1.06951
22	35	5.37065
22	36	3.44466
22	37	-1.1166
22	38	2.52754
22	39	-9.92465
22	40	4.16089
22	41	-2.72297
22	42	5.36916
22	43	0.0415552
22	44	-2.08742
22	45	-4.81601
22	46	-1.92668
22	47	5.63636
22	48	6.78842
22	49	0.933751
23	0	9.80823
23	1	12.6283
23	2	8.35491
23	3	-2.82752
23	4	4.33609
23	5	-5.23116
23	6	-0.272602
23	7	-3.98629
23	8	1.62738
23	9	4.72672
23	10	0.340984
23	11	1.182
23	12	12.2004
23	13	-1.52522
23	14	-1.65453
23	15	-0.853365
23	16	5.3423
23	17	4.55909
23	18	-1.37855
23	19	-4.74539
23	20	-2.26041
23	21	-6.25627
23	22	-1.8805
23	23	-4.36103
23	24	-4.25939
23	25	-3.4822
23	26	0.241915
23	27	-6.96884
23	28	1.47462
23	29	2.13702
23	30	3.16936
23	31	-0.3613
23	32	2.28667
23	33	3.84352
23	34	-0.442494
23	35	2.12058
23	36	0.283823
23	37	-4.53784
23	38	3.5399
23	39	-0.686837
23	40	-0.688905
23	41	0.712554
23	42	-4.20116
23	43	-5.34272
23	44	-2.09301
23	45	1.7692
23	46	-4.13697
23	47	-3.29553
23	48	-1.35927
23	49	6.87609
24	0	2.21985
24	1	3.87013
24	2	-1.03464
24	3	4.35581
24	4	0.781351
24	5	-3.54577
24	6	-5.90185
24	7	7.75377
24	8	8.79609
24	9	-15.065
24	10	5.6221
24	11	6.96694
24	12	-0.411812
24	13	-3.33406
24	14	1.46105
24	15	-2.61812
24	16	-2.65463
24	17	-1.05592
24	18	-2.35932
24	19	16.8598
24	20	-1.95975
24	21	3.44012
24	22	1.53761
24	23	-0.290024
24	24	-2.26473
24	25	-2.46496
24	26	-4.7777
24	27	-2.20274
24	28	-3.82155
24	29	-5.12847
24	30	1.5973
24	31	0.771237
24	32	0.0804455
24	33	7.34818
24	34	-3.0942
24	35	7.03554
24	36	-2.96675
24	37	-3.04006
24	38	1.03533
24	39	-5.86094
24	40	0.139956
24	41	0.496823
24	42	-0.624762
24	43	-12.9388
24	44	0.540959
24	45	1.28331
24	46	-2.38102
24	47	3.58499
24	48	-2.50608
24	49	2.83957
25	0	-3.59026
25	1	3.20024
25	2	-2.76102
25	3	5.57264
25	4	-2.41843
25	5	4.79227
25	6	2.82879
25	7	9.84593
25	8	-0.95551
25	9	0.91723
25	10	-6.52575
25	11	11.63
25	12	-0.490767
25	13	3.24311
25	14	-1.17209
25	15	-8.22104
25	16	3.01339
25	17	-3.75979
25	18	-4.23493
25	19	2.37947
25	20	6.40226
25	21	-0.632849
25	22	-2.28249
25	23	-1.55538
25	24	0.254437
25	25	2.14969
25	26	4.11575
25	27	1.32823
25	28	-5.255
25	29	-6.46744
25	30	-0.912233
25	31	1.35383
25	32	-1.42511
25	33	-7.36664
25	34	3.59595
25	35	1.26747
25	36	-0.212582
25	37	2.91325
25	38	-7.16321
25	39	8.19069
25	40	10.8012
25	41	-5.88621
25	42	1.18263
25	43	-0.956149
25	44	7.19507
25	45	1.54965
25	46	1.00527
25	47	-6.2976
25	48	-2.2783
25	49	-12.0738
26	0	-2.01926
26	1	7.10946
26	2	3.87737
26	3	-16.0416
26	4	0.227462
26	5	-3.96866
26	6	6.44946
26	7	-1.34452
26	8	3.32791
26	9	6.60318
26	10	-3.16694
26	11	-3.3454
26	12	-4.43896
26	13	2.20648
26	14	-8.09631
26	15	1.0448
26	16	6.89818
26	17	1.37007
26	18	-6.71078
26	19	-1.44144
26	20	-1.20173
26	21	0.788419
26	22	-0.75914
26	23	-0.983971
26	24	7.63671
26	25	7.66488
26	26	5.16498
26	27	-5.06145
26	28	3.70682
26	29	-4.22521
26	30	1.26152
26	31	-1.27262
26	32	1.75509
26	33	-1.46291
26	34	4.59163
26	35	8.76181
26	36	-3.75905
26	37	-7.72433
26	38	2.65342
26	39	-4.46108
26	40	-0.614955
26	41	-3.59779
26	42	-5.73413
26	43	4.61995
26	44	0.389211
26	45	3.80989
26	46	8.56112
26	47	4.51977
26	48	-0.352849
26	49	6.63807
27	0	10.3437
27	1	4.83189
27	2	1.45301
27	3	0.44517
27	4	5.13748
27	5	-7.55624
27	6	0.435371
27	7	0.880078
27	8	-1.49705
27	9	1.47793
27	10	1.61764
27	11	3.97158
27	12	-4.4843
27	13	2.9005
27	14	-0.896005
27	15	0.315432
27	16	3.40997
27	17	-0.563884
27	18	-2.86588
27	19	-2.72201
27	20	-7.43562
27	21	0.21564
27	22	0.817571
27	23	3.17467
27	24	-0.488996
27	25	0.720901
27	26	-8.58094
27	27	-2.92695
27	28	-2.93122
27	29	3.34654
27	30	-1.54061
27	31	-4.33065
27	32	-0.0745805
27	33	-5.26031
27	34	-6.76015
27	35	2.77907
27	36	-5.43782
27	37	1.08939
27	38	2.4149
27	39	1.7901
27	40	3.27266
27	41	-8.92818
27	42	-0.105691
27	43	0.971023
27	44	-0.935221
27	45	-3.06631
27	46	2.5864
27	47	3.27205
27	48	-2.89911
27	49	-3.38152
28	0	5.07455
28	1	-5.28079
28	2	-5.67031
28	3	-10.8841
28	4	2.2138
28	5	7.87371
28	6	-0.445702
28	7	-1.06399
28	8	0.899255
28	9	4.84705
28	10	-13.5811
28	11	-5.03572
28	12	3.08901
28	13	4.19733
28	14	1.47914
28	15	7.58238
28	16	1.88426
28	17	-1.14149
28	18	1.15257
28	19	4.6662
28	20	4.62071
28	21	2.60472
28	22	-6.27016
28	23	-3.44774
28	24	7.86908
28	25	-0.672368
28	26	3.97801
28	27	-3.15735
28	28	-1.47911
28	29	-2.05794
28	30	-1.61385
28	31	-0.148819
28	32	3.50654
28	33	1.73061
28	34	0.803374
28	35	-6.85064
28	36	-1.82264
28	37	4.69751
28	38	-4.61486
28	39	0.689868
28	40	-1.95734
28	41	4.17491
28	42	-0.777114
28	43	0.965964
28	44	-8.35891
28	45	-7.50271
28	46	7.45928
28	47	5.0428
28	48	0.868362
28	49	-2.93991
29	0	4.30291
29	1	2.15049
29	2	2.01712
29	3	2.93402
29	4	-0.759911
29	5	3.00585
29	6	0.865947
29	7	-3.90292
29	8	-7.28442
29	9	-1.85622
29	10	4.66367
29	11	-2.72259
29	12	11.0504
29	13	-1.46885
29	14	-6.00524
29	15	-1.0317
29	16	0.833298
29	17	7.69286
29	18	7.5839
29	19	-7.61399
29	20	-2.6569
29	21	0.855802
29	22	-0.343594
29	23	-3.28747
29	24	0.00655705
29	25	-2.15394
29	26	0.678396
29	27	2.11648
29	28	-2.54868
29	29	-1.05814
29	30	0.252174
29	31	-5.65545
29	32	-5.79274
29	33	4.0731
29	34	-0.972019
29	35	-4.44279
29	36	-6.6944
29	37	6.62704
29	38	-1.61733
29	39	2.71228
29	40	-4.61004
29	41	0.820663
29	42	0.376946
29	43	-4.35531
29	44	3.77434
29	45	-1.47932
29	46	-3.40496
29	47	-0.237774
29	48	2.8664
29	49	3.60539
30	0	6.9149
30	1	7.3157
30	2	0.886971
30	3	13.1994
30	4	-10.1649
30	5	5.48591
30	6	-8.7747
30	7	1.72099
30	8	-0.308232
30	9	-2.64468
30	10	-1.79447
30	11	-3.55935
30	12	-10.9464
30	13	-1.14868
30	14	2.7304
30	15	1.77167
30	16	0.941756
30	17	-3.78083
30	18	-6.69425
30	19	0.125472
30	20	-9.67411
30	21	6.05093
30	22	-1.52315
30	23	-8.14294
30	24	8.80019
30	25	-5.99304
30	26	-8.4177
30	27	5.81227
30	28	0.767107
30	29	-8.36722
30	30	8.24509
30	31	2.26317
30	32	-2.94163
30	33	2.97206
30	34	0.548318
30	35	-0.822453
30	36	0.964669
30	37	-2.54917
30	38	0.0297274
30	39	-2.4611
30	40	-2.13958
30	41	0.467072
30	42	0.838918
30	43	0.570015
30	44	3.61855
30	45	3.56485
30	46	-1.30303
30	47	-4.72837
30	48	3.53452
30	49	6.78643
31	0	-0.453757
31	1	-0.932925
31	2	2.9111
31	3	3.58262
31	4	-7.33742
31	5	2.12174
31	6	-9.10419
31	7	-11.7003
31	8	-4.2545
31	9	3.05016
31	10	-0.258014
31	11	-8.94892
31	12	2.5151
31	13	-1.83055
31	14	0.607245
31	15	4.85068
31	16	-3.36894
31	17	-4.32415
31	18	8.1928
31	19	3.61366
31	20	-3.2703
31	21	0.109807
31	22	8.09918
31	23	1.58741
31	24	-9.74453
31	25	-4.38618
31	26	1.93501
31	27	-4.20317
31	28	0.266169
31	29	8.20283
31	30	0.599531
31	31	-2.59215
31	32	3.58989
31	33	-3.72699
31	34	-0.0394169
31	35	2.87391
31	36	1.49708
31	37	-4.92078
31	38	-0.0111618
31	39	0.390017
31	40	3.2447
31	41	3.46665
31	42	1.98652
31	43	2.59582
31	44	2.85606
31	45	2.72543
31	46	9.1876
31	47	-1.48477
31	48	-2.21196
31	49	-8.19965
32	0	10.1838
32	1	2.71343
32	2	-3.26342
32	3	5.08308
32	4	-4.21448
32	5	4.50657
32	6	-5.17266
32	7	-1.57421
32	8	-2.51081
32	9	-0.81759
32	10	-7.71818
32	11	-0.834236
32	12	3.87444
32	13	1.07453
32	14	3.38807
32	15	0.204385
32	16	-3.63175
32	17	0.236954
32	18	-1.63608
32	19	-6.43144
32	20	-4.45095
32	21	-7.72814
32	22	3.47259
32	23	2.28698
32	24	-3.21132
32	25	-7.46534
32	26	-7.01098
32	27	-3.78994
32	28	3.09828
32	29	3.08802
32	30	-1.29251
32	31	5.62045
32	32	-0.089329
32	33	-1.99291
32	34	-3.65297
32	35	2.56807
32	36	0.53787
32	37	2.25794
32	38	4.67282
32	39	5.21627
32	40	1.11474
32	41	-5.62393
32	42	1.84524
32	43	0.133993
32	44	-0.0741338
32	45	-0.403949
32	46	-0.220687
32	47	1.33651
32	48	0.254744
32	49	1.88011
33	0	0.779969
33	1	-4.82956
33	2	8.31241
33	3	1.14964
33	4	14.0948
33	5	3.66692
33	6	-5.19991
33	7	1.24124
33	8	1.18901
33	9	3.38181
33	10	-3.79017
33	11	5.97309
33	12	-3.44906
33	13	-1.13094
33	14	6.04758
33	15	1.45827
33	16	-4.58988
33	17	-0.559316
33	18	5.46932
33	19	-3.96056
33	20	-1.43865
33	21	8.78238
33	22	-3.75335
33	23	-7.56227
33	24	-2.08314
33	25	0.0893699
33	26	-4.64995
33	27	5.50386
33	28	-3.58576
33	29	-2.17832
33	30	-1.93889
33	31	-5.19712
33	32	3.923
33	33	2.17094
33	34	-6.7561
33	35	-1.33308
33	36	0.157339
33	37	2.32062
33	38	-1.11962
33	39	-0.276556
33	40	-3.51259
33	41	-0.116408
33	42	6.25601
33	43	-1.20242
33	44	1.21121
33	45	-1.37875
33	46	3.47269
33	47	-0.946306
33	48	8.29628
33	49	-1.96414
34	0	5.39154
34	1	3.83064
34	2	-2.80963
34	3	0.0172616
34	4	2.15263
34	5	-5.05815
34	6	0.583674
34	7	-0.829112
34	8	-2.39664
34	9	-1.23565
34	10	-2.26222
34	11	-4.17222
34	12	5.47729
34	13	-1.61348
34	14	2.24891
34	15	7.16125
34	16	-12.9404
34	17	-4.23384
34	18	3.69707
34	19	-1.50862
34	20	-0.417725
34	21	4.6276
34	22	-4.99615
34	23	11.6384
34	24	-4.83179
34	25	0.626607
34	26	6.27988
34	27	5.39776
34	28	4.82442
34	29	-9.48656
34	30	2.12833
34	31	5.18149
34	32	-6.57108
34	33	-0.226277
34	34	-3.20173
34	35	2.01553
34	36	1.37036
34	37	1.30334
34	38	1.89894
34	39	2.20758
34	40	-3.1439
34	41	0.902484
34	42	-1.43961
34	43	-1.95203
34	44	2.80802
34	45	2.88732
34	46	-0.530984
34	47	4.98558
34	48	-1.05035
34	49	8.29981
35	0	-6.7773
35	1	-6.48033
35	2	-5.05084
35	3	-3.78712
35	4	2.14465
35	5	0.373877
35	6	-10.8724
35	7	2.19522
35	8	-2.23639
35	9	2.36435
35	10	1.85202
35	11	-2.37434
35	12	-2.26484
35	13	-0.134651
35	14	-6.62698
35	15	-1.84164
35	16	-0.751764
35	17	1.49097
35	18	6.97567
35	19	7.05341
35	20	-2.27983
35	21	0.508817
35	22	-3.19393
35	23	-2.77923
35	24	-7.45587
35	25	1.36318
35	26	-5.30213
35	27	-0.67001
35	28	0.433947
35	29	1.02569
35	30	-7.45707
35	31	5.82285
35	32	-5.11895
35	33	2.49967
35	34	1.3488
35	35	0.214618
35	36	-0.606714
35	37	-1.86693
35	38	5.42311
35	39	-3.41668
35	40	0.801957
35	41	-1.78523
35	42	-3.5811
35	43	2.72774
35	44	-3.24832
35	45	1.23396
35	46	3.42145
35	47	-0.706474
35	48	5.98026
35	49	5.71953
36	0	-10.4942
36	1	13.7795
36	2	-5.83685
36	3	6.56928
36	4	-0.478013
36	5	-7.86454
36	6	0.124756
36	7	-3.33265
36	8	0.0962123
36	9	-3.71028
36	10	1.24758
36	11	4.87558
36	12	-0.325202
36	13	-3.51678
36	14	1.96798
36	15	0.643401
36	16	0.12512
36	17	-3.3691
36	18	-0.101168
36	19	-2.94827
36	20	5.90327
36	21	4.1911
36	22	3.82801
36	23	0.0845305
36	24	-1.96861
36	25	0.26866
36	26	-5.46415
36	27	2.49237
36	28	-0.652365
36	29	3.80001
36	30	3.51087
36	31	-3.84882
36	32	-0.764897
36	33	-1.03538
36	34	7.92608
36	35	0.499077
36	36	2.51548
36	37	-0.582344
36	38	-1.67676
36	39	2.83427
36	40	-7.0744
36	41	0.349648
36	42	5.81177
36	43	-0.93026
36	44	4.66433
36	45	3.11627
36	46	1.65214
36	47	-6.17937
36	48	-1.3127
36	49	-7.43894
37	0	-0.175446
37	1	-10.8152
37	2	-5.50158
37	3	4.66355
37	4	-0.442153
37	5	-4.51876
37	6	2.44319
37	7	4.27198
37	8	8.89025
37	9	3.92824
37	10	-2.40015
37	11	-2.26987
37	12	-6.06136
37	13	-6.45071
37	14	0.957366
37	15	-1.22775
37	16	0.713615
37	17	-4.47448
37	18	1.2022
37	19	0.965541
37	20	-2.80285
37	21	2.10532
37	22	0.991421
37	23	6.94899
37	24	1.68419
37	25	-2.35573
37	26	0.157985
37	27	-0.527975
37	28	1.18195
37	29	1.64264
37	30	-3.84825
37	31	-3.31998
37	32	1.36284
37	33	-2.84861
37	34	1.91587
37	35	2.49336
37	36	2.77613
37	37	2.23555
37	38	5.73793
37	39	-0.436016
37	40	-1.1997
37	41	-2.88725
37	42	3.51951
37	43	9.70196
37	44	-7.28908
37	45	-3.85061
37	46	1.77092
37	47	-8.10569
37	48	2.5008
37	49	7.30866
38	0	-0.535892
38	1	-6.5009
38	2	2.06444
38	3	-5.10836
38	4	1.54854
38	5	4.16047
38	6	-0.0159643
38	7	-4.99695
38	8	5.85009
38	9	3.36637
38	10	-1.98781
38	11	-2.75259
38	12	-5.95642
38	13	0.88942
38	14	-1.16143
38	15	0.0536453
38	16	-1.14259
38	17	-4.77706
38	18	-6.05844
38	19	3.76775
38	20	1.9636
38	21	-6.35968
38	22	-2.77061
38	23	5.76134
38	24	-1.188
38	25	-1.7265
38	26	3.75936
38	27	-2.35558
38	28	-3.1885
38	29	-3.30871
38	30	6.91862
38	31	1.00405
38	32	1.36123
38	33	4.70475
38	34	-8.68653
38	35	4.77696
38	36	-1.69336
38	37	-3.44932
38	38	-0.200664
38	39	-2.00273
38	40	1.00591
38	41	0.593503
38	42	0.18769
38	43	6.92722
38	44	3.13606
38	45	1.5638
38	46	-0.116529
38	47	7.02241
38	48	1.71977
38	49	7.15886
39	0	-5.24811
39	1	-1.36768
39	2	4.51557
39	3	6.29069
39	4	-3.12521
39	5	-2.08265
39	6	-1.5604
39	7	-6.55391
39	8	0.112271
39	9	-2.57876
39	10	-2.06235
39	11	-3.81389
39	12	-2.33799
39	13	4.94053
39	14	-0.561862
39	15	8.97339
39	16	-1.43822
39	17	7.04463
39	18	-5.58086
39	19	1.61484
39	20	-0.420186
39	21	-9.32958
39	22	-2.52281
39	23	2.03702
39	24	0.588481
39	25	-4.06843
39	26	-2.29558
39	27	-3.67865
39	28	-0.344916
39	29	-5.5013
39	30	2.96295
39	31	-4.72192
39	32	6.86505
39	33	-7.7207
39	34	-1.99173
39	35	3.49736
39	36	-5.40871
39	37	0.797244
39	38	-0.57824
39	39	-1.41154
39	40	3.49304
39	41	0.819006
39	42	6.29746
39	43	4.86787
39	44	6.62128
39	45	-0.238604
39	46	2.194
39	47	0.0464183
39	48	-0.950327
39	49	3.63098
40	0	-3.16977
40	1	10.5768
40	2	6.72989
40	3	-0.749231
40	4	-4.36414
40	5	-8.15328
40	6	0.24721
40	7	-4.52089
40	8	1.73874
40	9	11.2887
40	10	1.61531
40	11	-1.91169
40	12	1.47035
40	13	1.21428
40	14	-1.05969
40	15	0.917683
40	16	0.926829
40	17	-1.00694
40	18	-3.28429
40	19	-3.01454
40	20	6.36999
40	21	9.90476
40	22	-4.47613
40	23	1.82951
40	24	-2.621
40	25	-6.44729
40	26	0.890362
40	27	2.40499
40	28	-2.62644
40	29	-1.34164
40	30	-0.380753
40	31	-1.08615
40	32	1.38636
40	33	0.41056
40	34	0.395576
40	35	-0.45958
40	36	-4.48324
40	37	-4.12115
40	38	-4.9997
40	39	-1.12903
40	40	3.83351
40	41	-1.35497
40	42	1.2742
40	43	2.25293
40	44	-1.53327
40	45	4.36111
40	46	1.17094
40	47	2.24712
40	48	0.0576923
40	49	-0.00508296
41	0	-3.08923
41	1	1.51627
41	2	3.49513
41	3	2.69545
41	4	4.50516
41	5	0.709214
41	6	8.05067
41	7	2.05167
41	8	-1.58562
41	9	2.17313
41	10	1.3601
41	11	-6.56813
41	12	-5.08977
41	13	-4.62201
41	14	3.22558
41	15	-2.80016
41	16	-7.29366
41	17	-1.60121
41	18	1.49671
41	19	-2.05588
41	20	-0.358637
41	21	1.609
41	22	0.932742
41	23	1.47776
41	24	-0.769762
41	25	0.302595
41	26	12.1306
41	27	-5.44119
41	28	5.13791
41	29	-1.67357
41	30	2.67797
41	31	-3.65955
41	32	-4.04278
41	33	-3.92648
41	34	-2.24263
41	35	8.06144
41	36	-8.5279
41	37	-2.4914
41	38	0.707851
41	39	3.18924
41	40	-3.45075
41	41	3.53845
41	42	2.26502
41	43	-6.28049
41	44	-2.47206
41	45	4.23786
41	46	0.744365
41	47	5.06582
41	48	-4.501
41	49	2.43457
42	0	-6.76952
42	1	-2.10658
42	2	4.91102
42	3	3.23415
42	4	3.80543
42	5	-1.51513
42	6	-0.853065
42	7	3.29609
42	8	7.29562
42	9	3.73426
42	10	-5.79347
42	11	-0.981551
42	12	-3.74265
42	13	-1.89891
42	14	-6.64542
42	15	-3.15246
42	16	-2.97113
42	17	2.99098
42	18	8.54471
42	19	1.04423
42	20	-4.56014
42	21	-1.0771
42	22	-3.52315
42	23	-3.36202
42	24	2.42565
42	25	-1.72634
42	26	-3.87659
42	27	-2.75084
42	28	4.69492
42	29	-2.16422
42	30	0.0284278
42	31	1.2264
42	32	2.36649
42	33	-0.394726
42	34	-0.129253
42	35	0.480864
42	36	1.03119
42	37	-4.00559
42	38	-3.00272
42	39	3.13988
42	40	8.97149
42	41	-2.17806
42	42	-2.02534
42	43	1.28586
42	44	-3.64486
42	45	-0.724574
42	46	4.88544
42	47	-4.44818
42	48	-0.594863
42	49	-6.30528
43	0	1.92884
43	1	-5.08901
43	2	-0.130087
43	3	-4.42731
43	4	-3.36546
43	5	-4.49938
43	6	1.59496
43	7	3.37093
43	8	-1.66924
43	9	0.230196
43	10	-2.26981
43	11	-2.48343
43	12	-1.63662
43	13	-3.43779
43	14	1.54589
43	15	1.50604
43	16	-3.23568
43	17	-0.0569127
43	18	1.12579
43	19	-3.30471
43	20	2.7216
43	21	5.59623
43	22	-3.5627
43	23	-0.775929
43	24	2.60967
43	25	-1.81592
43	26	-2.22522
43	27	5.32454
43	28	0.504754
43	29	4.18533
43	30	2.83783
43	31	0.938088
43	32	-4.35209
43	33	0.401126
43	34	-1.11353
43	35	0.145517
43	36	-0.821158
43	37	-6.24201
43	38	-1.91645
43	39	4.68504
43	40	-3.53674
43	41	-3.33752
43	42	-2.41113
43	43	0.787544
43	44	6.71663
43	45	0.206246
43	46	1.10425
43	47	-0.930717
43	48	5.23519
43	49	-0.627846
44	0	6.45751
44	1	-1.43444
44	2	1.15865
44	3	7.85565
44	4	0.753245
44	5	0.418619
44	6	-1.51145
44	7	-0.909956
44	8	3.42614
44	9	3.05793
44	10	4.92306
44	11	0.0171475
44	12	3.86873
44	13	-4.43255
44	14	0.555267
44	15	6.76303
44	16	-11.1637
44	17	0.492807
44	18	-1.34804
44	19	3.82502
44	20	-4.84746
44	21	0.69545
44	22	-3.6155
44	23	4.4616
44	24	-2.46488
44	25	-1.99064
44	26	7.34017
44	27	0.442771
44	28	-7.54774
44	29	1.40405
44	30	-4.33938
44	31	1.74779
44	32	8.85038
44	33	-1.72664
44	34	2.63737
44	35	-0.0984421
44	36	4.80882
44	37	3.41557
44	38	11.9794
44	39	-8.48732
44	40	-0.120006
44	41	-2.41658
44	42	-3.56494
44	43	-1.84759
44	44	2.68167
44	45	-2.23565
44	46	-1.01923
44	47	1.69107
44	48	-6.04773
44	49	2.16152
45	0	6.84719
45	1	-0.073602
45	2	3.02229
45	3	-1.24391
45	4	0.85587
45	5	-3.5515
45	6	2.03279
45	7	-3.22514
45	8	0.746125
45	9	-0.605736
45	10	-1.16411
45	11	-2.13857
45	12	0.449983
45	13	2.18445
45	14	-6.19464
45	15	4.68404
45	16	1.27186
45	17	-5.68039
45	18	-3.99545
45	19	-3.99038
45	20	6.01467
45	21	-0.327459
45	22	-9.57453
45	23	5.70402
45	24	-3.78416
45	25	0.784471
45	26	2.45856
45	27	-1.70696
45	28	7.92049
45	29	5.10556
45	30	0.869454
45	31	-4.5124
45	32	-0.73631
45	33	4.68582
45	34	8.13712
45	35	0.364906
45	36	-5.00716
45	37	-0.916654
45	38	-0.372728
45	39	5.45751
45	40	-1.24891
45	41	5.6672
45	42	3.88383
45	43	-0.828378
45	44	0.347687
45	45	-2.43816
45	46	-1.56929
45	47	-0.994861
45	48	-2.08386
45	49	4.06192
46	0	8.6663
46	1	-0.255564
46	2	4.34277
46	3	-5.78779
46	4	-1.57367
46	5	10.58
46	6	-4.08037
46	7	-3.27741
46	8	2.28338
46	9	-1.84732
46	10	-7.48427
46	11	0.856119
46	12	-0.436741
46	13	8.28245
46	14	5.79822
46	15	2.27276
46	16	-4.23777
46	17	-0.733318
46	18	-4.6777
46	19	-1.35681
46	20	-1.99758
46	21	-3.25645
46	22	-3.67163
46	23	5.45768
46	24	-2.53662
46	25	8.01814
46	26	-2.88614
46	27	-2.1379
46	28	1.11104
46	29	-3.60473
46	30	4.67414
46	31	4.83746
46	32	-4.9835
46	33	-1.94775
46	34	4.71602
46	35	4.62545
46	36	0.475799
46	37	-0.190871
46	38	-1.86801
46	39	-0.064331
46	40	1.08845
46	41	7.54418
46	42	2.29322
46	43	-8.10227
46	44	3.62917
46	45	-3.33987
46	46	-4.86895
46	47	0.49968
46	48	-2.55259
46	49	-1.24245
47	0	-10.9275
47	1	-5.23235
47	2	-7.41181
47	3	1.66091
47	4	-4.05168
47	5	-2.09271
47	6	0.00883476
47	7	-2.79687
47	8	1.79394
47	9	-1.82729
47	10	3.5187
47	11	7.84057
47	12	3.5941
47	13	1.53709
47	14	-1.47921
47	15	1.15027
47	16	5.28755
47	17	-4.70292
47	18	-0.0355579
47	19	-4.62708
47	20	1.21787
47	21	3.67661
47	22	1.47974
47	23	-6.64679
47	24	1.52751
47	25	-4.21043
47	26	1.49129
47	27	3.12071
47	28	-2.03056
47	29	0.655109
47	30	-1.63841
47	31	7.84898
47	32	-3.90466
47	33	-3.65977
47	34	-2.50915
47	35	1.43716
47	36	0.151151
47	37	4.2241
47	38	2.40903
47	39	-4.98401
47	40	-1.46506
47	41	1.52434
47	42	1.24883
47	43	0.00577499
47	44	-4.07494
47	45	-0.700546
47	46	0.954504
47	47	-0.340958
47	48	-3.82147
47	49	-1.20477
48	0	-11.1683
48	1	-6.48127
48	2	-4.87722
48	3	-5.8354
48	4	-3.05975
48	5	3.68004
48	6	-1.16243
48	7	-1.14362
48	8	0.814578
48	9	-1.53604
48	10	-0.259765
48	11	-6.07901
48	12	1.6346
48	13	3.04761
48	14	1.78385
48	15	-4.74653
48	16	-5.95949
48	17	5.30903
48	18	-4.81338
48	19	-2.61425
48	20	1.98258
48	21	5.43126
48	22	-6.12383
48	23	-3.38216
48	24	4.07986
48	25	3.48011
48	26	-4.17795
48	27	2.01238
48	28	-1.44737
48	29	-3.21973
48	30	11.0221
48	31	8.25403
48	32	5.63311
48	33	6.46125
48	34	1.67131
48	35	2.79178
48	36	-3.41354
48	37	4.49518
48	38	3.10362
48	39	1.4292
48	40	-4.42398
48	41	-3.20101
48	42	8.99812
48	43	4.30646
48	44	-3.45503
48	45	3.33418
48	46	-5.54973
48	47	0.36357
48	48	5.39952
48	49	-5.88334
49	0	-1.18473
49	1	1.04703
49	2	-8.42863
49	3	1.11793
49	4	9.0767
49	5	-0.637107
49	6	-1.36729
49	7	-4.60052
49	8	0.762729
49	9	-0.960315
49	10	4.06238
49	11	2.50738
49	12	0.136933
49	13	1.4032
49	14	0.197793
49	15	-2.03613
49	16	-0.937799
49	17	-4.50796
49	18	6.59925
49	19	6.23003
49	20	5.52674
49	21	0.982858
49	22	-2.43947
49	23	-0.434804
49	24	0.400642
49	25	2.68919
49	26	4.56807
49	27	3.29195
49	28	-7.93592
49	29	2.69664
49	30	-1.10026
49	31	-4.48917
49	32	-5.37949
49	33	-1.24133
49	34	5.97508
49	35	3.11261
49	36	3.4541
49	37	-2.0922
49	38	3.95642
49	39	9.23121
49	40	4.71009
49	41	0.268631
49	42	-0.0779519
49	43	4.21572
49	44	4.4329
49	45	3.58406
49	46	-4.20683
49	47	3.86479
49	48	6.62045
49	49	-10.1678
