0	0	0.154515
0	1	0.00463881
0	2	0.992492
0	3	0.070101
0	4	0.246559
0	5	0.391003
0	6	0.730796
0	7	0.508713
0	8	0.933164
0	9	0.435377
0	10	0.951292
0	11	0.788354
0	12	0.265084
0	13	0.944853
0	14	0.854335
0	15	0.943236
0	16	0.733757
0	17	0.162603
0	18	0.0583514
0	19	0.573565
0	20	0.672018
0	21	0.190008
0	22	0.459059
0	23	0.893277
0	24	0.235481
0	25	0.668386
0	26	0.308939
0	27	0.115909
0	28	0.369701
0	29	0.501541
0	30	0.174047
0	31	0.209845
0	32	0.67037
0	33	0.901181
0	34	0.923948
0	35	0.553392
0	36	0.541917
0	37	0.535173
0	38	0.410779
0	39	0.521989
0	40	0.561571
0	41	0.061037
0	42	0.994598
0	43	0.538194
0	44	0.454482
0	45	0.825312
0	46	0.570025
0	47	0.615558
0	48	0.586627
0	49	0.009888
1	0	0.251747
1	1	0.928312
1	2	0.381268
1	3	0.00747703
1	4	0.373943
1	5	0.437208
1	6	0.565844
1	7	0.306375
1	8	0.960753
1	9	0.103732
1	10	0.654836
1	11	0.666189
1	12	0.323283
1	13	0.723197
1	14	0.575457
1	15	0.866298
1	16	0.940611
1	17	0.908078
1	18	0.842158
1	19	0.807276
1	20	0.279153
1	21	0.253395
1	22	0.18598
1	23	0.247597
1	24	0.708792
1	25	0.214698
1	26	0.0455336
1	27	0.95587
1	28	0.170141
1	29	0.730216
1	30	0.825465
1	31	0.560686
1	32	0.750664
1	33	0.118412
1	34	0.32844
1	35	0.878872
1	36	0.824519
1	37	0.282388
1	38	0.2678
1	39	0.00338755
1	40	0.913968
1	41	0.751732
1	42	0.26603
1	43	0.932646
1	44	0.926939
1	45	0.593982
1	46	0.245979
1	47	0.0213324
1	48	0.928404
1	49	0.726218
2	0	0.621113
2	1	0.0357067
2	2	0.100742
2	3	0.658254
2	4	0.190405
2	5	0.0928678
2	6	0.0502029
2	7	0.198981
2	8	0.144963
2	9	0.266457
2	10	0.114963
2	11	0.15656
2	12	0.0920743
2	13	0.139409
2	14	0.83169
2	15	0.564165
2	16	0.503006
2	17	0.0855434
2	18	0.216224
2	19	0.462294
2	20	0.491043
2	21	0.560503
2	22	0.0155034
2	23	0.769158
2	24	0.325632
2	25	0.183905
2	26	0.585803
2	27	0.269784
2	28	0.589465
2	29	0.893979
2	30	0.554613
2	31	0.256111
2	32	0.383953
2	33	0.955168
2	34	0.921781
2	35	0.84814
2	36	0.490158
2	37	0.101077
2	38	0.756462
2	39	0.528397
2	40	0.890683
2	41	0.59328
2	42	0.145909
2	43	0.920255
2	44	0.559587
2	45	0.476852
2	46	0.55269
2	47	0.341868
2	48	0.925748
2	49	0.815394
3	0	0.235878
3	1	0.166601
3	2	0.91644
3	3	0.184912
3	4	0.893612
3	5	0.521439
3	6	0.987243
3	7	0.209357
3	8	0.181982
3	9	0.35432
3	10	0.0445875
3	11	0.417951
3	12	0.267708
3	13	0.402295
3	14	0.667074
3	15	0.206366
3	16	0.0695517
3	17	0.0908536
3	18	0.531724
3	19	0.182623
3	20	0.346263
3	21	0.896512
3	22	0.451857
3	23	0.678732
3	24	0.285714
3	25	0.203162
3	26	0.93234
3	27	0.709922
3	28	0.7528
3	29	0.18424
3	30	0.64864
3	31	0.162297
3	32	0.851466
3	33	0.741295
3	34	0.756127
3	35	0.490219
3	36	0.95764
3	37	0.0303354
3	38	0.435621
3	39	0.70452
3	40	0.878842
3	41	0.607624
3	42	0.581347
3	43	0.933409
3	44	0.297403
3	45	0.725608
3	46	0.0380261
3	47	0.336558
3	48	0.152776
3	49	0.810541
4	0	0.292917
4	1	0.654103
4	2	0.119663
4	3	0.653218
4	4	0.0289621
4	5	0.171484
4	6	0.838282
4	7	0.343425
4	8	0.445875
4	9	0.381848
4	10	0.0523392
4	11	0.480209
4	12	0.754936
4	13	0.126591
4	14	0.312265
4	15	0.688528
4	16	0.753594
4	17	0.496109
4	18	0.398267
4	19	0.973876
4	20	0.886868
4	21	0.271157
4	22	0.120914
4	23	0.945952
4	24	0.700949
4	25	0.186651
4	26	0.654744
4	27	0.443007
4	28	0.0957671
4	29	0.799066
4	30	0.0613117
4	31	0.587451
4	32	0.282785
4	33	0.238441
4	34	0.158025
4	35	0.80459
4	36	0.853664
4	37	0.626545
4	38	0.388806
4	39	0.835414
4	40	0.867122
4	41	0.442061
4	42	0.852992
4	43	0.274911
4	44	0.359111
4	45	0.614734
4	46	0.148808
4	47	0.666768
4	48	0.183416
4	49	0.628681
5	0	0.187445
5	1	0.686178
5	2	0.588244
5	3	0.417371
5	4	0.634053
5	5	0.441786
5	6	0.435835
5	7	0.330271
5	8	0.131901
5	9	0.427839
5	10	0.470382
5	11	0.95352
5	12	0.966338
5	13	0.158147
5	14	0.541581
5	15	0.0647908
5	16	0.323862
5	17	0.0129704
5	18	0.18891
5	19	0.50502
5	20	0.803797
5	21	0.329783
5	22	0.494125
5	23	0.246315
5	24	0.337565
5	25	0.269753
5	26	0.606983
5	27	0.439436
5	28	0.172857
5	29	0.490677
5	30	0.851558
5	31	0.720206
5	32	0.0783715
5	33	0.157811
5	34	0.818415
5	35	0.557482
5	36	0.425306
5	37	0.323923
5	38	0.349773
5	39	0.923185
5	40	0.302408
5	41	0.209632
5	42	0.823267
5	43	0.0657369
5	44	0.32017
5	45	0.41554
5	46	0.640828
5	47	0.6686
5	48	0.260964
5	49	0.597034
6	0	0.328898
6	1	0.174352
6	2	0.230934
6	3	0.633442
6	4	0.156224
6	5	0.556597
6	6	0.470168
6	7	0.822443
6	8	0.675527
6	9	0.319712
6	10	0.477462
6	11	0.13123
6	12	0.0951262
6	13	0.00915555
6	14	0.605426
6	15	0.0354625
6	16	0.887112
6	17	0.0119938
6	18	0.783044
6	19	0.977355
6	20	0.537706
6	21	0.930357
6	22	0.520981
6	23	0.974212
6	24	0.847041
6	25	0.307901
6	26	0.856532
6	27	0.408612
6	28	0.68337
6	29	0.991455
6	30	0.394391
6	31	0.531541
6	32	0.599078
6	33	0.908292
6	34	0.0991546
6	35	0.709464
6	36	0.214026
6	37	0.541063
6	38	0.996216
6	39	0.946867
6	40	0.772973
6	41	0.880856
6	42	0.436811
6	43	0.715659
6	44	0.782586
6	45	0.140355
6	46	0.0842921
6	47	0.62215
6	48	0.13538
6	49	0.0077517
7	0	0.276833
7	1	0.943327
7	2	0.625874
7	3	0.723197
7	4	0.923612
7	5	0.563524
7	6	0.265542
7	7	0.758354
7	8	0.590258
7	9	0.342723
7	10	0.30314
7	11	0.381237
7	12	0.930448
7	13	0.447676
7	14	0.35609
7	15	0.886685
7	16	0.118686
7	17	0.677267
7	18	0.559435
7	19	0.774194
7	20	0.442213
7	21	0.313181
7	22	0.138829
7	23	0.654286
7	24	0.706473
7	25	0.52736
7	26	0.313547
7	27	0.1648
7	28	0.611896
7	29	0.877071
7	30	0.935636
7	31	0.677847
7	32	0.7575
7	33	0.91937
7	34	0.771722
7	35	0.0792566
7	36	0.427503
7	37	0.475936
7	38	0.833949
7	39	0.401715
7	40	0.81756
7	41	0.579424
7	42	0.665548
7	43	0.592151
7	44	0.856655
7	45	0.63274
7	46	0.987915
7	47	0.195715
7	48	0.281014
7	49	0.812494
8	0	0.615436
8	1	0.236671
8	2	0.116123
8	3	0.247841
8	4	0.0438856
8	5	0.0777917
8	6	0.223182
8	7	0.00604266
8	8	0.618976
8	9	0.539781
8	10	0.0664083
8	11	0.415662
8	12	0.691336
8	13	0.0614948
8	14	0.357128
8	15	0.759239
8	16	0.663991
8	17	0.18244
8	18	0.731193
8	19	0.865993
8	20	0.338633
8	21	0.128849
8	22	0.115726
8	23	0.636586
8	24	0.467025
8	25	0.7846
8	26	0.941832
8	27	0.0303354
8	28	0.913755
8	29	0.827906
8	30	0.858821
8	31	0.547014
8	32	0.336467
8	33	0.3155
8	34	0.106998
8	35	0.733512
8	36	0.790094
8	37	0.495346
8	38	0.205023
8	39	0.747673
8	40	0.160955
8	41	0.128819
8	42	0.107273
8	43	0.509751
8	44	0.837367
8	45	0.104312
8	46	0.489059
8	47	0.472945
8	48	0.52266
8	49	0.622761
9	0	0.314371
9	1	0.54445
9	2	0.597186
9	3	0.7369
9	4	0.343486
9	5	0.188208
9	6	0.935392
9	7	0.525193
9	8	0.736015
9	9	0.240364
9	10	0.584002
9	11	0.681845
9	12	0.405988
9	13	0.468947
9	14	0.208075
9	15	0.803919
9	16	0.285257
9	17	0.40904
9	18	0.710746
9	19	0.157201
9	20	0.151189
9	21	0.50441
9	22	0.932981
9	23	0.201727
9	24	0.175115
9	25	0.0872219
9	26	0.839778
9	27	0.658132
9	28	0.847835
9	29	0.226722
9	30	0.0989105
9	31	0.396588
9	32	0.438063
9	33	0.978393
9	34	0.458541
9	35	0.929228
9	36	0.640736
9	37	0.0646687
9	38	0.829676
9	39	0.786889
9	40	0.570544
9	41	0.518906
9	42	0.480361
9	43	0.562487
9	44	0.757836
9	45	0.322733
9	46	0.247108
9	47	0.901364
9	48	0.302469
9	49	0.569658
10	0	0.170293
10	1	0.219886
10	2	0.84225
10	3	0.184729
10	4	0.459609
10	5	0.434462
10	6	0.491928
10	7	0.732383
10	8	0.195837
10	9	0.480941
10	10	0.409314
10	11	0.34312
10	12	0.675283
10	13	0.906552
10	14	0.144505
10	15	0.291055
10	16	0.802759
10	17	0.315409
10	18	0.428541
10	19	0.252541
10	20	0.440168
10	21	0.948759
10	22	0.557909
10	23	0.778283
10	24	0.115787
10	25	0.181036
10	26	0.0307321
10	27	0.00894192
10	28	0.00167852
10	29	0.213477
10	30	0.59151
10	31	0.166753
10	32	0.564562
10	33	0.746086
10	34	0.339946
10	35	0.853359
10	36	0.796838
10	37	0.90936
10	38	0.0608234
10	39	0.685659
10	40	0.434187
10	41	0.237068
10	42	0.430586
10	43	0.300882
10	44	0.0654012
10	45	0.961425
10	46	0.257149
10	47	0.262001
10	48	0.541276
10	49	0.411359
11	0	0.409375
11	1	0.89465
11	2	0.588397
11	3	0.796258
11	4	0.591937
11	5	0.587146
11	6	0.0344554
11	7	0.154912
11	8	0.622456
11	9	0.584521
11	10	0.551164
11	11	0.752342
11	12	0.366466
11	13	0.808039
11	14	0.320475
11	15	0.704825
11	16	0.987335
11	17	0.731193
11	18	0.531785
11	19	0.114872
11	20	0.66628
11	21	0.843806
11	22	0.114566
11	23	0.497085
11	24	0.449965
11	25	0.735038
11	26	0.614338
11	27	0.776299
11	28	0.380749
11	29	0.327036
11	30	0.616688
11	31	0.63921
11	32	0.56682
11	33	0.290017
11	34	0.627155
11	35	0.521043
11	36	0.347697
11	37	0.170293
11	38	0.811884
11	39	0.00778222
11	40	0.211859
11	41	0.26252
11	42	0.506088
11	43	0.936094
11	44	0.62273
11	45	0.757347
11	46	0.896359
11	47	0.971374
11	48	0.408582
11	49	0.195441
12	0	0.782861
12	1	0.945891
12	2	0.873928
12	3	0.759789
12	4	0.82812
12	5	0.737815
12	6	0.287027
12	7	0.436811
12	8	0.198218
12	9	0.972533
12	10	0.901334
12	11	0.578204
12	12	0.00283822
12	13	0.32728
12	14	0.165807
12	15	0.894009
12	16	0.440443
12	17	0.720969
12	18	0.281442
12	19	0.408887
12	20	0.0545976
12	21	0.169591
12	22	0.75927
12	23	0.412427
12	24	0.00830103
12	25	0.589221
12	26	0.136876
12	27	0.934935
12	28	0.78164
12	29	0.327128
12	30	0.509323
12	31	0.779565
12	32	0.199683
12	33	0.70333
12	34	0.0306711
12	35	0.642811
12	36	0.197089
12	37	0.342265
12	38	0.0426038
12	39	0.35374
12	40	0.224586
12	41	0.577715
12	42	0.986053
12	43	0.763787
12	44	0.704947
12	45	0.710227
12	46	0.752495
12	47	0.318155
12	48	0.443587
12	49	0.40022
13	0	0.630787
13	1	0.840236
13	2	0.400678
13	3	0.976562
13	4	0.506058
13	5	0.559832
13	6	0.73101
13	7	0.942412
13	8	0.466811
13	9	0.917142
13	10	0.497116
13	11	0.459944
13	12	0.476272
13	13	0.173223
13	14	0.963256
13	15	0.0944853
13	16	0.264748
13	17	0.358379
13	18	0.875088
13	19	0.599811
13	20	0.0987884
13	21	0.589557
13	22	0.63216
13	23	0.0256355
13	24	0.583453
13	25	0.288308
13	26	0.759331
13	27	0.928922
13	28	0.15421
13	29	0.330332
13	30	0.583087
13	31	0.969237
13	32	0.414441
13	33	0.657979
13	34	0.519272
13	35	0.671041
13	36	0.974975
13	37	0.386578
13	38	0.878414
13	39	0.632679
13	40	0.951628
13	41	0.936674
13	42	0.594775
13	43	0.963775
13	44	0.777459
13	45	0.222419
13	46	0.785669
13	47	0.232917
13	48	0.485549
13	49	0.428236
14	0	0.546861
14	1	0.705954
14	2	0.1189
14	3	0.404279
14	4	0.890866
14	5	0.156499
14	6	0.423261
14	7	0.212561
14	8	0.233589
14	9	0.0303964
14	10	0.479659
14	11	0.85461
14	12	0.336741
14	13	0.244545
14	14	0.432539
14	15	0.711936
14	16	0.110813
14	17	0.401776
14	18	0.96997
14	19	0.730857
14	20	0.186193
14	21	0.703177
14	22	0.711661
14	23	0.882443
14	24	0.657888
14	25	0.338847
14	26	0.162114
14	27	0.92935
14	28	0.910337
14	29	0.638417
14	30	0.38374
14	31	0.0303354
14	32	0.928556
14	33	0.762505
14	34	0.0475173
14	35	0.214179
14	36	0.00189215
14	37	0.216529
14	38	0.016419
14	39	0.253609
14	40	0.226661
14	41	0.9682
14	42	0.118686
14	43	0.971282
14	44	0.713614
14	45	0.449171
14	46	0.266335
14	47	0.508225
14	48	0.90701
14	49	0.22367
15	0	0.576189
15	1	0.587024
15	2	0.921201
15	3	0.603412
15	4	0.648579
15	5	0.29957
15	6	0.300943
15	7	0.991699
15	8	0.660817
15	9	0.452376
15	10	0.111911
15	11	0.236946
15	12	0.431288
15	13	0.998932
15	14	0.767449
15	15	0.77752
15	16	0.110477
15	17	0.591784
15	18	0.497848
15	19	0.858394
15	20	0.655263
15	21	0.784753
15	22	0.868648
15	23	0.601764
15	24	0.742485
15	25	0.916898
15	26	0.253914
15	27	0.212195
15	28	0.27839
15	29	0.209235
15	30	0.670736
15	31	0.0979034
15	32	0.160131
15	33	0.105686
15	34	0.881466
15	35	0.189062
15	36	0.445173
15	37	0.389569
15	38	0.169683
15	39	0.234993
15	40	0.585284
15	41	0.106296
15	42	0.696341
15	43	0.36082
15	44	0.881314
15	45	0.824488
15	46	0.842097
15	47	0.665334
15	48	0.814905
15	49	0.265786
16	0	0.442305
16	1	0.140843
16	2	0.41319
16	3	0.835505
16	4	0.320902
16	5	0.697073
16	6	0.303385
16	7	0.0843226
16	8	0.0292062
16	9	0.569079
16	10	0.612506
16	11	0.633503
16	12	0.196234
16	13	0.891934
16	14	0.369518
16	15	0.593829
16	16	0.396374
16	17	0.722129
16	18	0.5656
16	19	0.0100101
16	20	0.94113
16	21	0.28779
16	22	0.52855
16	23	0.362011
16	24	0.500748
16	25	0.748589
16	26	0.768273
16	27	0.653706
16	28	0.96234
16	29	0.246467
16	30	0.949034
16	31	0.121281
16	32	0.430342
16	33	0.529069
16	34	0.144963
16	35	0.0916471
16	36	0.776116
16	37	0.926206
16	38	0.0350658
16	39	0.0226142
16	40	0.642354
16	41	0.961425
16	42	0.193701
16	43	0.255928
16	44	0.308969
16	45	0.379406
16	46	0.133305
16	47	0.514481
16	48	0.326548
16	49	0.870815
17	0	0.255226
17	1	0.674886
17	2	0.323527
17	3	0.275338
17	4	0.364879
17	5	0.846736
17	6	0.893582
17	7	0.544969
17	8	0.907804
17	9	0.28959
17	10	0.969237
17	11	0.247749
17	12	0.582476
17	13	0.199469
17	14	0.588092
17	15	0.894345
17	16	0.486587
17	17	0.89526
17	18	0.458083
17	19	0.86755
17	20	0.452437
17	21	0.437117
17	22	0.227241
17	23	0.237098
17	24	0.728324
17	25	0.207587
17	26	0.865596
17	27	0.240272
17	28	0.661672
17	29	0.487075
17	30	0.0637837
17	31	0.709555
17	32	0.540635
17	33	0.554308
17	34	0.0563677
17	35	0.229102
17	36	0.249794
17	37	0.343883
17	38	0.774438
17	39	0.301004
17	40	0.896878
17	41	0.191382
17	42	0.735038
17	43	0.302255
17	44	0.0661031
17	45	0.697897
17	46	0.573107
17	47	0.514237
17	48	0.855281
17	49	0.244606
18	0	0.621967
18	1	0.00564592
18	2	0.351604
18	3	0.189337
18	4	0.449293
18	5	0.650319
18	6	0.703879
18	7	0.275887
18	8	0.754051
18	9	0.0607013
18	10	0.446089
18	11	0.28724
18	12	0.531236
18	13	0.719077
18	14	0.229713
18	15	0.474715
18	16	0.910428
18	17	0.0868557
18	18	0.620075
18	19	0.793176
18	20	0.574267
18	21	0.974029
18	22	0.11359
18	23	0.474563
18	24	0.163396
18	25	0.949278
18	26	0.0319529
18	27	0.970305
18	28	0.574053
18	29	0.0726035
18	30	0.449507
18	31	0.794244
18	32	0.554155
18	33	0.731498
18	34	0.810022
18	35	0.297189
18	36	0.504959
18	37	0.861476
18	38	0.389172
18	39	0.904386
18	40	0.893521
18	41	0.333171
18	42	0.259224
18	43	0.846889
18	44	0.183172
18	45	0.78637
18	46	0.911588
18	47	0.91876
18	48	0.687674
18	49	0.692557
19	0	0.193731
19	1	0.290567
19	2	0.255196
19	3	0.927488
19	4	0.71749
19	5	0.910825
19	6	0.189093
19	7	0.634327
19	8	0.393414
19	9	0.526658
19	10	0.310923
19	11	0.659597
19	12	0.249062
19	13	0.854946
19	14	0.572283
19	15	0.342143
19	16	0.186224
19	17	0.93469
19	18	0.122013
19	19	0.937193
19	20	0.834284
19	21	0.192907
19	22	0.234443
19	23	0.456313
19	24	0.155095
19	25	0.254067
19	26	0.00524918
19	27	0.204596
19	28	0.956542
19	29	0.0253609
19	30	0.221351
19	31	0.796472
19	32	0.970031
19	33	0.088229
19	34	0.310648
19	35	0.931181
19	36	0.649159
19	37	0.928159
19	38	0.778222
19	39	0.709281
19	40	0.345012
19	41	0.0332957
19	42	0.0349132
19	43	0.771477
19	44	0.0148625
19	45	0.39375
19	46	0.0251778
19	47	0.0409253
19	48	0.120182
19	49	0.432142
20	0	0.559557
20	1	0.350383
20	2	0.870479
20	3	0.89761
20	4	0.758538
20	5	0.735069
20	6	0.468886
20	7	0.753288
20	8	0.514298
20	9	0.673269
20	10	0.516251
20	11	0.589709
20	12	0.376019
20	13	0.0550859
20	14	0.229469
20	15	0.594653
20	16	0.765343
20	17	0.161138
20	18	0.630512
20	19	0.610797
20	20	0.928037
20	21	0.432142
20	22	0.36256
20	23	0.312693
20	24	0.52852
20	25	0.310862
20	26	0.289193
20	27	0.0339366
20	28	0.293039
20	29	0.937559
20	30	0.533067
20	31	0.276162
20	32	0.607837
20	33	0.980193
20	34	0.110324
20	35	0.43083
20	36	0.478713
20	37	0.380627
20	38	0.817042
20	39	0.745079
20	40	0.758415
20	41	0.298044
20	42	0.523576
20	43	0.0631733
20	44	0.0473952
20	45	0.0311289
20	46	0.53383
20	47	0.374493
20	48	0.175085
20	49	0.199652
21	0	0.164769
21	1	0.69924
21	2	0.667135
21	3	0.967254
21	4	0.203192
21	5	0.343608
21	6	0.105472
21	7	0.586566
21	8	0.39552
21	9	0.0550859
21	10	0.787225
21	11	0.0478225
21	12	0.627186
21	13	0.109561
21	14	0.588366
21	15	0.112033
21	16	0.94763
21	17	0.861171
21	18	0.439192
21	19	0.510392
21	20	0.0972015
21	21	0.78637
21	22	0.316935
21	23	0.59096
21	24	0.692618
21	25	0.553484
21	26	0.162481
21	27	0.19364
21	28	0.726157
21	29	0.148717
21	30	0.627094
21	31	0.0352184
21	32	0.536363
21	33	0.590197
21	34	0.0552995
21	35	0.385144
21	36	0.90524
21	37	0.261055
21	38	0.610706
21	39	0.3137
21	40	0.438612
21	41	0.393017
21	42	0.950316
21	43	0.293863
21	44	0.886258
21	45	0.731437
21	46	0.353954
21	47	0.437544
21	48	0.557421
21	49	0.91348
22	0	0.715384
22	1	0.148106
22	2	0.488449
22	3	0.590289
22	4	0.300455
22	5	0.470168
22	6	0.518723
22	7	0.824488
22	8	0.679556
22	9	0.917875
22	10	0.930662
22	11	0.794519
22	12	0.739769
22	13	0.062624
22	14	0.810938
22	15	0.33665
22	16	0.18366
22	17	0.662618
22	18	0.788232
22	19	0.356304
22	20	0.420484
22	21	0.613636
22	22	0.304392
22	23	0.639698
22	24	0.256172
22	25	0.504074
22	26	0.0751061
22	27	0.0970183
22	28	0.288614
22	29	0.0546281
22	30	0.895993
22	31	0.968871
22	32	0.413953
22	33	0.22364
22	34	0.450911
22	35	0.0261849
22	36	0.350841
22	37	0.26017
22	38	0.278512
22	39	0.296396
22	40	0.588061
22	41	0.485214
22	42	0.552904
22	43	0.345317
22	44	0.66277
22	45	0.0829188
22	46	0.835414
22	47	0.647816
22	48	0.174474
22	49	0.682791
23	0	0.453017
23	1	0.0768151
23	2	0.442244
23	3	0.0138554
23	4	0.660176
23	5	0.0433973
23	6	0.209998
23	7	0.413068
23	8	0.239937
23	9	0.317972
23	10	0.307657
23	11	0.467421
23	12	0.700919
23	13	0.0646687
23	14	0.672933
23	15	0.573229
23	16	0.726066
23	17	0.119785
23	18	0.641163
23	19	0.691671
23	20	0.0298471
23	21	0.0455947
23	22	0.908811
23	23	0.0834986
23	24	0.279641
23	25	0.990875
23	26	0.0769677
23	27	0.303354
23	28	0.237953
23	29	0.889187
23	30	0.181341
23	31	0.23487
23	32	0.781701
23	33	0.026429
23	34	0.114689
23	35	0.448317
23	36	0.954405
23	37	0.508774
23	38	0.348155
23	39	0.661672
23	40	0.70809
23	41	0.662099
23	42	0.857601
23	43	0.586383
23	44	0.490951
23	45	0.894559
23	46	0.661397
23	47	0.939268
23	48	0.336589
23	49	0.0528886
24	0	0.87579
24	1	0.901608
24	2	0.611866
24	3	0.804804
24	4	0.693747
24	5	0.806726
24	6	0.0788903
24	7	0.0770592
24	8	0.194555
24	9	0.337474
24	10	0.428053
24	11	0.082461
24	12	0.38908
24	13	0.0144963
24	14	0.93759
24	15	0.965117
24	16	0.407849
24	17	0.257057
24	18	0.416761
24	19	0.596515
24	20	0.238227
24	21	0.797052
24	22	0.088229
24	23	0.553453
24	24	0.916227
24	25	0.72808
24	26	0.56621
24	27	0.808283
24	28	0.579882
24	29	0.970458
24	30	0.586505
24	31	0.163671
24	32	0.290262
24	33	0.43318
24	34	0.644887
24	35	0.962889
24	36	0.0261544
24	37	0.65511
24	38	0.199927
24	39	0.106143
24	40	0.758995
24	41	0.205023
24	42	0.596301
24	43	0.905698
24	44	0.0137028
24	45	0.623463
24	46	0.365246
24	47	0.809107
24	48	0.822932
24	49	0.186377
25	0	0.0583209
25	1	0.523728
25	2	0.479141
25	3	0.27253
25	4	0.270272
25	5	0.572375
25	6	0.992584
25	7	0.615467
25	8	0.00793481
25	9	0.812006
25	10	0.660024
25	11	0.221656
25	12	0.0609149
25	13	0.946532
25	14	0.651509
25	15	0.235908
25	16	0.530564
25	17	0.564989
25	18	0.0205695
25	19	0.535142
25	20	0.173254
25	21	0.736564
25	22	0.0448317
25	23	0.332041
25	24	0.714652
25	25	0.693045
25	26	0.302591
25	27	0.569781
25	28	0.790582
25	29	0.63094
25	30	0.392346
25	31	0.388928
25	32	0.671316
25	33	0.16364
25	34	0.70098
25	35	0.447798
25	36	0.425336
25	37	0.455397
25	38	0.126896
25	39	0.377697
25	40	0.678732
25	41	0.568072
25	42	0.164739
25	43	0.154149
25	44	0.626362
25	45	0.0520341
25	46	0.257546
25	47	0.665487
25	48	0.451704
25	49	0.312601
26	0	0.822718
26	1	0.25956
26	2	0.810663
26	3	0.782952
26	4	0.858058
26	5	0.550798
26	6	0.536271
26	7	0.43498
26	8	0.534257
26	9	0.2678
26	10	0.220557
26	11	0.659352
26	12	0.679891
26	13	0.423505
26	14	0.829188
26	15	0.0458388
26	16	0.565142
26	17	0.588641
26	18	0.00579852
26	19	0.0954009
26	20	0.890774
26	21	0.550127
26	22	0.222297
26	23	0.395093
26	24	0.388287
26	25	0.13535
26	26	0.430494
26	27	0.287118
26	28	0.937803
26	29	0.48384
26	30	0.372448
26	31	0.563341
26	32	0.609577
26	33	0.54738
26	34	0.205115
26	35	0.216285
26	36	0.535783
26	37	0.099826
26	38	0.59563
26	39	0.778283
26	40	0.0185247
26	41	0.0380566
26	42	0.943602
26	43	0.279397
26	44	0.78048
26	45	0.255226
26	46	0.886685
26	47	0.35609
26	48	0.764275
26	49	0.867275
27	0	0.745354
27	1	0.541429
27	2	0.386944
27	3	0.0744346
27	4	0.0637837
27	5	0.267922
27	6	0.656087
27	7	0.438887
27	8	0.902341
27	9	0.614917
27	10	0.052797
27	11	0.859249
27	12	0.0381787
27	13	0.331126
27	14	0.589404
27	15	0.023835
27	16	0.730949
27	17	0.163793
27	18	0.94644
27	19	0.62392
27	20	0.208319
27	21	0.0258797
27	22	0.096469
27	23	0.107395
27	24	0.529252
27	25	0.0322886
27	26	0.320353
27	27	0.255409
27	28	0.979797
27	29	0.936491
27	30	0.022187
27	31	0.36195
27	32	0.658864
27	33	0.99881
27	34	0.249489
27	35	0.298532
27	36	0.409467
27	37	0.817652
27	38	0.324778
27	39	0.244728
27	40	0.752007
27	41	0.15479
27	42	0.49443
27	43	0.3661
27	44	0.975494
27	45	0.286142
27	46	0.00170904
27	47	0.220435
27	48	0.043611
27	49	0.908933
28	0	0.489669
28	1	0.174047
28	2	0.471358
28	3	0.137059
28	4	0.140416
28	5	0.608814
28	6	0.828333
28	7	0.615589
28	8	0.457015
28	9	0.201636
28	10	0.0257271
28	11	0.285226
28	12	0.094058
28	13	0.0573748
28	14	0.0424207
28	15	0.829066
28	16	0.643696
28	17	0.976592
28	18	0.246895
28	19	0.331614
28	20	0.782373
28	21	0.639088
28	22	0.971038
28	23	0.182409
28	24	0.685781
28	25	0.985168
28	26	0.492233
28	27	0.754814
28	28	0.117252
28	29	0.574938
28	30	0.0799585
28	31	0.891354
28	32	0.096408
28	33	0.207556
28	34	0.262825
28	35	0.727287
28	36	0.553941
28	37	0.581652
28	38	0.972961
28	39	0.883023
28	40	0.879147
28	41	0.277749
28	42	0.723045
28	43	0.556932
28	44	0.766289
28	45	0.844417
28	46	0.473495
28	47	0.550096
28	48	0.26603
28	49	0.268899
29	0	0.344829
29	1	0.753471
29	2	0.447981
29	3	0.614307
29	4	0.832057
29	5	0.129643
29	6	0.581164
29	7	0.103366
29	8	0.677541
29	9	0.719749
29	10	0.238044
29	11	0.431257
29	12	0.0579241
29	13	0.706992
29	14	0.228797
29	15	0.587939
29	16	0.242225
29	17	0.0682089
29	18	0.771813
29	19	0.971496
29	20	0.376385
29	21	0.844569
29	22	0.806696
29	23	0.0738548
29	24	0.551408
29	25	0.562365
29	26	0.856471
29	27	0.520127
29	28	0.810724
29	29	0.835932
29	30	0.34431
29	31	0.742241
29	32	0.253334
29	33	0.683035
29	34	0.772118
29	35	0.0691244
29	36	0.889096
29	37	0.584643
29	38	0.666219
29	39	0.513962
29	40	0.401715
29	41	0.819941
29	42	0.697348
29	43	0.0397046
29	44	0.476821
29	45	0.108066
29	46	0.880276
29	47	0.584948
29	48	0.850215
29	49	0.0878933
30	0	0.260079
30	1	0.630055
30	2	0.733299
30	3	0.666555
30	4	0.990936
30	5	0.586291
30	6	0.771844
30	7	0.768578
30	8	0.213446
30	9	0.787957
30	10	0.193915
30	11	0.516892
30	12	0.637593
30	13	0.369457
30	14	0.30372
30	15	0.376415
30	16	0.236396
30	17	0.808527
30	18	0.977325
30	19	0.291726
30	20	0.957762
30	21	0.416364
30	22	0.316446
30	23	0.350475
30	24	0.859615
30	25	0.55681
30	26	0.117161
30	27	0.00305185
30	28	0.575426
30	29	0.87463
30	30	0.308664
30	31	0.370586
30	32	0.516129
30	33	0.31547
30	34	0.0194403
30	35	0.671438
30	36	0.714316
30	37	0.217597
30	38	0.426588
30	39	0.298807
30	40	0.717429
30	41	0.257454
30	42	0.0443129
30	43	0.579577
30	44	0.43614
30	45	0.52971
30	46	0.608539
30	47	0.745964
30	48	0.353832
30	49	0.543565
31	0	0.213172
31	1	0.151585
31	2	0.00387585
31	3	0.416334
31	4	0.854579
31	5	0.262825
31	6	0.120579
31	7	0.0451979
31	8	0.0406812
31	9	0.456648
31	10	0.37022
31	11	0.539262
31	12	0.620808
31	13	0.156682
31	14	0.0684835
31	15	0.692038
31	16	0.491958
31	17	0.337992
31	18	0.790551
31	19	0.776696
31	20	0.339091
31	21	0.932707
31	22	0.279702
31	23	0.444533
31	24	0.0642415
31	25	0.166784
31	26	0.56148
31	27	0.00836207
31	28	0.0615864
31	29	0.360302
31	30	0.6686
31	31	0.891781
31	32	0.994385
31	33	0.221107
31	34	0.883999
31	35	0.525803
31	36	0.230171
31	37	0.164647
31	38	0.907376
31	39	0.473983
31	40	0.590472
31	41	0.689779
31	42	0.851833
31	43	0.0673544
31	44	0.571001
31	45	0.342936
31	46	0.477004
31	47	0.330302
31	48	0.689138
31	49	0.301248
32	0	0.564623
32	1	0.478591
32	2	0.114109
32	3	0.10593
32	4	0.842982
32	5	0.771325
32	6	0.237403
32	7	0.577624
32	8	0.366375
32	9	0.997131
32	10	0.337901
32	11	0.444258
32	12	0.756096
32	13	0.376782
32	14	0.999908
32	15	0.713431
32	16	0.208594
32	17	0.162969
32	18	0.438643
32	19	0.319834
32	20	0.678091
32	21	0.718375
32	22	0.390728
32	23	0.0796228
32	24	0.138585
32	25	0.35374
32	26	0.724998
32	27	0.482376
32	28	0.332652
32	29	0.707083
32	30	0.430525
32	31	0.352458
32	32	0.912778
32	33	0.9447
32	34	0.137669
32	35	0.910642
32	36	0.381085
32	37	0.566149
32	38	0.828639
32	39	0.267342
32	40	0.734947
32	41	0.0938444
32	42	0.893826
32	43	0.878964
32	44	0.222999
32	45	0.428571
32	46	0.189917
32	47	0.997925
32	48	0.119602
32	49	0.152318
33	0	0.256569
33	1	0.64861
33	2	0.922361
33	3	0.559801
33	4	0.346965
33	5	0.159642
33	6	0.880215
33	7	0.699393
33	8	0.429701
33	9	0.784173
33	10	0.257851
33	11	0.20539
33	12	0.817042
33	13	0.4391
33	14	0.242409
33	15	0.20249
33	16	0.576983
33	17	0.0950346
33	18	0.899167
33	19	0.0636311
33	20	0.384106
33	21	0.847591
33	22	0.0823695
33	23	0.302713
33	24	0.966826
33	25	0.201727
33	26	0.707358
33	27	0.383282
33	28	0.805933
33	29	0.600177
33	30	0.290078
33	31	0.724601
33	32	0.241829
33	33	0.727317
33	34	0.160802
33	35	0.686087
33	36	0.646016
33	37	0.619556
33	38	0.257576
33	39	0.811579
33	40	0.813257
33	41	0.113804
33	42	0.906125
33	43	0.114566
33	44	0.23072
33	45	0.664968
33	46	0.492294
33	47	0.685934
33	48	0.380474
33	49	0.0636921
34	0	0.433576
34	1	0.404706
34	2	0.731223
34	3	0.0861232
34	4	0.355235
34	5	0.0340892
34	6	0.575762
34	7	0.606189
34	8	0.878231
34	9	0.483352
34	10	0.370586
34	11	0.202124
34	12	0.924406
34	13	0.516709
34	14	0.733543
34	15	0.788659
34	16	0.945585
34	17	0.691183
34	18	0.755852
34	19	0.305277
34	20	0.98291
34	21	0.803827
34	22	0.785089
34	23	0.993072
34	24	0.962249
34	25	0.630207
34	26	0.33488
34	27	0.290078
34	28	0.132389
34	29	0.235023
34	30	0.277963
34	31	0.877468
34	32	0.0519425
34	33	0.636402
34	34	0.978607
34	35	0.907102
34	36	0.031312
34	37	0.104648
34	38	0.520676
34	39	0.942228
34	40	0.43614
34	41	0.877468
34	42	0.687887
34	43	0.641926
34	44	0.75811
34	45	0.571917
34	46	0.852046
34	47	0.721549
34	48	0.859828
34	49	0.0753502
35	0	0.425733
35	1	0.219031
35	2	0.299509
35	3	0.195929
35	4	0.0358592
35	5	0.599872
35	6	0.142338
35	7	0.85406
35	8	0.0740989
35	9	0.730674
35	10	0.163945
35	11	0.0961638
35	12	0.780419
35	13	0.253273
35	14	0.853206
35	15	0.71218
35	16	0.516129
35	17	0.390759
35	18	0.119663
35	19	0.737327
35	20	0.382855
35	21	0.715873
35	22	0.112735
35	23	0.620563
35	24	0.843043
35	25	0.913938
35	26	0.0580767
35	27	0.33961
35	28	0.498978
35	29	0.0711081
35	30	0.518052
35	31	0.245094
35	32	0.686209
35	33	0.519242
35	34	0.982147
35	35	0.913938
35	36	0.0375378
35	37	0.768487
35	38	0.19367
35	39	0.794214
35	40	0.674245
35	41	0.559221
35	42	0.119388
35	43	0.921934
35	44	0.179998
35	45	0.564501
35	46	0.967406
35	47	0.491562
35	48	0.0149541
35	49	0.773705
36	0	0.160527
36	1	0.561235
36	2	0.524827
36	3	0.0895108
36	4	0.67098
36	5	0.673818
36	6	0.202429
36	7	0.168767
36	8	0.622456
36	9	0.675588
36	10	0.357158
36	11	0.0388501
36	12	0.566088
36	13	0.513138
36	14	0.849025
36	15	0.520646
36	16	0.336619
36	17	0.290078
36	18	0.0433058
36	19	0.989349
36	20	0.894894
36	21	0.36491
36	22	0.642354
36	23	0.504563
36	24	0.0624714
36	25	0.771111
36	26	0.55031
36	27	0.840663
36	28	0.555956
36	29	0.740501
36	30	0.427503
36	31	0.448775
36	32	0.22544
36	33	0.611744
36	34	0.0904263
36	35	0.881802
36	36	0.905057
36	37	0.90466
36	38	0.413831
36	39	0.71334
36	40	0.780511
36	41	0.841792
36	42	0.890744
36	43	0.482376
36	44	0.680837
36	45	0.0984527
36	46	0.507187
36	47	0.694143
36	48	0.200171
36	49	0.0628681
37	0	0.0875271
37	1	0.409192
37	2	0.0556658
37	3	0.386792
37	4	0.766808
37	5	0.451643
37	6	0.588153
37	7	0.108829
37	8	0.746025
37	9	0.767541
37	10	0.811487
37	11	0.131046
37	12	0.987396
37	13	0.965026
37	14	0.917234
37	15	0.330546
37	16	0.00469985
37	17	0.567492
37	18	0.6404
37	19	0.0867641
37	20	0.406201
37	21	0.010773
37	22	0.392834
37	23	0.506363
37	24	0.345073
37	25	0.915616
37	26	0.570605
37	27	0.126347
37	28	0.534989
37	29	0.666952
37	30	0.941221
37	31	0.377148
37	32	0.985961
37	33	0.83105
37	34	0.517228
37	35	0.586657
37	36	0.1171
37	37	0.441755
37	38	0.822657
37	39	0.806421
37	40	0.403119
37	41	0.687155
37	42	0.957884
37	43	0.241615
37	44	0.209479
37	45	0.0277413
37	46	0.369884
37	47	0.565538
37	48	0.973968
37	49	0.277779
38	0	0.733695
38	1	0.900113
38	2	0.389691
38	3	0.680471
38	4	0.851344
38	5	0.743858
38	6	0.746757
38	7	0.508713
38	8	0.974914
38	9	0.628285
38	10	0.0879238
38	11	0.22251
38	12	0.459334
38	13	0.783929
38	14	0.335398
38	15	0.714103
38	16	0.151769
38	17	0.597491
38	18	0.0441603
38	19	0.672414
38	20	0.423414
38	21	0.141484
38	22	0.938871
38	23	0.597827
38	24	0.250252
38	25	0.556841
38	26	0.890011
38	27	0.49855
38	28	0.248726
38	29	0.570879
38	30	0.485702
38	31	0.799982
38	32	0.0728782
38	33	0.930815
38	34	0.855831
38	35	0.498032
38	36	0.0790735
38	37	0.0349437
38	38	0.903684
38	39	0.0881069
38	40	0.66448
38	41	0.542009
38	42	0.602832
38	43	0.300516
38	44	0.185461
38	45	0.240394
38	46	0.514145
38	47	0.173833
38	48	0.862911
38	49	0.958678
39	0	0.179998
39	1	0.49736
39	2	0.579211
39	3	0.797845
39	4	0.551714
39	5	0.154118
39	6	0.975005
39	7	0.467544
39	8	0.106235
39	9	0.395276
39	10	0.750267
39	11	0.00689718
39	12	0.808771
39	13	0.577685
39	14	0.577166
39	15	0.671346
39	16	0.577227
39	17	0.395337
39	18	0.530412
39	19	0.266579
39	20	0.40492
39	21	0.136448
39	22	0.441298
39	23	0.711478
39	24	0.797632
39	25	0.996979
39	26	0.0818201
39	27	0.110172
39	28	0.681539
39	29	0.981994
39	30	0.585437
39	31	0.115726
39	32	0.438002
39	33	0.426618
39	34	0.00997955
39	35	0.865596
39	36	0.221442
39	37	0.666799
39	38	0.449721
39	39	0.270882
39	40	0.216895
39	41	0.891964
39	42	0.602252
39	43	0.940367
39	44	0.993225
39	45	0.710776
39	46	0.196966
39	47	0.520371
39	48	0.607929
39	49	0.460585
40	0	0.190924
40	1	0.732017
40	2	0.620838
40	3	0.792718
40	4	0.138615
40	5	0.88699
40	6	0.671621
40	7	0.563982
40	8	0.641743
40	9	0.162999
40	10	0.778314
40	11	0.566546
40	12	0.28544
40	13	0.420454
40	14	0.0126957
40	15	0.126408
40	16	0.966979
40	17	0.84106
40	18	0.709006
40	19	0.102847
40	20	0.0232856
40	21	0.170171
40	22	0.861904
40	23	0.318918
40	24	0.0637532
40	25	0.844111
40	26	0.870296
40	27	0.955351
40	28	0.913999
40	29	0.78283
40	30	0.28309
40	31	0.938108
40	32	0.577502
40	33	0.13068
40	34	0.703085
40	35	0.851985
40	36	0.620991
40	37	0.725028
40	38	0.505356
40	39	0.410047
40	40	0.88995
40	41	0.574938
40	42	0.526353
40	43	0.0116886
40	44	0.960234
40	45	0.130924
40	46	0.379925
40	47	0.419324
40	48	0.232612
40	49	0.62682
41	0	0.556627
41	1	0.0856655
41	2	0.075869
41	3	0.275094
41	4	0.96231
41	5	0.162755
41	6	0.925108
41	7	0.597278
41	8	0.0525529
41	9	0.723716
41	10	0.741173
41	11	0.669912
41	12	0.219153
41	13	0.228523
41	14	0.738182
41	15	0.568285
41	16	0.58449
41	17	0.765709
41	18	0.784143
41	19	0.788293
41	20	0.860561
41	21	0.0998566
41	22	0.382275
41	23	0.92822
41	24	0.428846
41	25	0.0579546
41	26	0.638356
41	27	0.411451
41	28	0.296793
41	29	0.284036
41	30	0.12064
41	31	0.531755
41	32	0.0878323
41	33	0.894742
41	34	0.0187994
41	35	0.60152
41	36	0.720573
41	37	0.0662862
41	38	0.507736
41	39	0.485275
41	40	0.933897
41	41	0.0845058
41	42	0.722709
41	43	0.29902
41	44	0.313883
41	45	0.888791
41	46	0.252297
41	47	0.55681
41	48	0.979186
41	49	0.64153
42	0	0.55504
42	1	0.545824
42	2	0.580279
42	3	0.354381
42	4	0.205908
42	5	0.211341
42	6	0.770226
42	7	0.102023
42	8	0.37962
42	9	0.332591
42	10	0.80163
42	11	0.855617
42	12	0.476058
42	13	0.270913
42	14	0.407331
42	15	0.465835
42	16	0.294748
42	17	0.0714743
42	18	0.620289
42	19	0.828608
42	20	0.66448
42	21	0.199744
42	22	0.68923
42	23	0.762658
42	24	0.934019
42	25	0.693869
42	26	0.746208
42	27	0.631977
42	28	0.230506
42	29	0.0144353
42	30	0.382488
42	31	0.243416
42	32	0.891995
42	33	0.372875
42	34	0.788781
42	35	0.0507523
42	36	0.979308
42	37	0.819178
42	38	0.616138
42	39	0.196936
42	40	0.275124
42	41	0.871151
42	42	0.213965
42	43	0.425245
42	44	0.675039
42	45	0.965667
42	46	0.401105
42	47	0.391034
42	48	0.377575
42	49	0.513443
43	0	0.426405
43	1	0.40495
43	2	0.779412
43	3	0.838649
43	4	0.274941
43	5	0.139103
43	6	0.481796
43	7	0.784387
43	8	0.976318
43	9	0.327494
43	10	0.314646
43	11	0.265694
43	12	0.0710471
43	13	0.991516
43	14	0.784448
43	15	0.55089
43	16	0.891537
43	17	0.22248
43	18	0.852077
43	19	0.552629
43	20	0.813532
43	21	0.0518509
43	22	0.447157
43	23	0.910154
43	24	0.134678
43	25	0.440535
43	26	0.62508
43	27	0.143559
43	28	0.736442
43	29	0.918638
43	30	0.772393
43	31	0.661977
43	32	0.185034
43	33	0.90698
43	34	0.767754
43	35	0.906064
43	36	0.428541
43	37	0.25135
43	38	0.503983
43	39	0.40669
43	40	0.745659
43	41	0.000946074
43	42	0.677786
43	43	0.0412
43	44	0.102725
43	45	0.962249
43	46	0.253182
43	47	0.267647
43	48	0.575365
43	49	0.0592364
44	0	0.505112
44	1	0.619068
44	2	0.99057
44	3	0.0322886
44	4	0.0492874
44	5	0.238929
44	6	0.445845
44	7	0.505173
44	8	0.764916
44	9	0.738487
44	10	0.861782
44	11	0.953154
44	12	0.0155644
44	13	0.157964
44	14	0.223579
44	15	0.602466
44	16	0.0760216
44	17	0.312387
44	18	0.668874
44	19	0.792962
44	20	0.169774
44	21	0.303293
44	22	0.0769372
44	23	0.834315
44	24	0.0242622
44	25	0.478042
44	26	0.31663
44	27	0.888241
44	28	0.3502
44	29	0.617145
44	30	0.808283
44	31	0.90701
44	32	0.150578
44	33	0.632008
44	34	0.556658
44	35	0.159978
44	36	0.266366
44	37	0.553026
44	38	0.31077
44	39	0.379192
44	40	0.0644551
44	41	0.0904569
44	42	0.00680563
44	43	0.0553301
44	44	0.674764
44	45	0.54854
44	46	0.15067
44	47	0.915525
44	48	0.682089
44	49	0.37434
45	0	0.295938
45	1	0.113712
45	2	0.679617
45	3	0.122868
45	4	0.274148
45	5	0.165593
45	6	0.589709
45	7	0.119297
45	8	0.33311
45	9	0.158391
45	10	0.158757
45	11	0.599628
45	12	0.839534
45	13	0.267922
45	14	0.531968
45	15	0.611194
45	16	0.702506
45	17	0.112888
45	18	0.314402
45	19	0.454268
45	20	0.174047
45	21	0.978881
45	22	0.0249641
45	23	0.945921
45	24	0.182623
45	25	0.442305
45	26	0.348827
45	27	0.287027
45	28	0.856227
45	29	0.426435
45	30	0.094882
45	31	0.814753
45	32	0.391034
45	33	0.219794
45	34	0.265175
45	35	0.420331
45	36	0.922514
45	37	0.489242
45	38	0.140934
45	39	0.914548
45	40	0.553819
45	41	0.817988
45	42	0.79339
45	43	0.121555
45	44	0.199622
45	45	0.800501
45	46	0.923826
45	47	0.982665
45	48	0.400037
45	49	0.225257
46	0	0.440748
46	1	0.450728
46	2	0.761528
46	3	0.37669
46	4	0.678976
46	5	0.45735
46	6	0.181402
46	7	0.987365
46	8	0.667898
46	9	0.733116
46	10	0.511338
46	11	0.871792
46	12	0.354808
46	13	0.762841
46	14	0.816767
46	15	0.773553
46	16	0.189398
46	17	0.65685
46	18	0.888394
46	19	0.455916
46	20	0.976104
46	21	0.219398
46	22	0.161534
46	23	0.568346
46	24	0.399762
46	25	0.995727
46	26	0.700369
46	27	0.319346
46	28	0.132115
46	29	0.578661
46	30	0.402387
46	31	0.487533
46	32	0.923948
46	33	0.956694
46	34	0.0802637
46	35	0.801447
46	36	0.590075
46	37	0.18363
46	38	0.576647
46	39	0.219916
46	40	0.293344
46	41	0.152562
46	42	0.568438
46	43	0.144414
46	44	0.0332652
46	45	0.753929
46	46	0.216865
46	47	0.0935392
46	48	0.746513
46	49	0.199835
47	0	0.319529
47	1	0.872494
47	2	0.924467
47	3	0.795892
47	4	0.120426
47	5	0.767144
47	6	0.154942
47	7	0.941069
47	8	0.434736
47	9	0.795495
47	10	0.494003
47	11	0.637776
47	12	0.243995
47	13	0.546464
47	14	0.0737938
47	15	0.292673
47	16	0.418592
47	17	0.638081
47	18	0.853359
47	19	0.0898465
47	20	0.723075
47	21	0.325907
47	22	0.917814
47	23	0.717612
47	24	0.761162
47	25	0.293374
47	26	0.233131
47	27	0.729728
47	28	0.016419
47	29	0.154668
47	30	0.26191
47	31	0.323038
47	32	0.644948
47	33	0.702048
47	34	0.346629
47	35	0.81222
47	36	0.175878
47	37	0.428297
47	38	0.267159
47	39	0.582873
47	40	0.777032
47	41	0.35609
47	42	0.877865
47	43	0.804743
47	44	0.240577
47	45	0.705039
47	46	0.231391
47	47	0.685537
47	48	0.34611
47	49	0.4279
48	0	0.0949431
48	1	0.54738
48	2	0.756676
48	3	0.147313
48	4	0.265145
48	5	0.506577
48	6	0.104373
48	7	0.524003
48	8	0.588427
48	9	0.0380871
48	10	0.421735
48	11	0.588
48	12	0.092288
48	13	0.206336
48	14	0.574755
48	15	0.0639973
48	16	0.134526
48	17	0.84283
48	18	0.854457
48	19	0.221992
48	20	0.975951
48	21	0.45262
48	22	0.382763
48	23	0.284616
48	24	0.68337
48	25	0.130558
48	26	0.488998
48	27	0.922483
48	28	0.769066
48	29	0.268319
48	30	0.713614
48	31	0.868435
48	32	0.472365
48	33	0.33375
48	34	0.594684
48	35	0.182409
48	36	0.0905179
48	37	0.504074
48	38	0.894284
48	39	0.197821
48	40	0.264412
48	41	0.433241
48	42	0.420331
48	43	0.680929
48	44	0.625629
48	45	0.935942
48	46	0.100467
48	47	0.234016
48	48	0.711173
48	49	0.868435
49	0	0.464034
49	1	0.474654
49	2	0.551988
49	3	0.988067
49	4	0.188665
49	5	0.0207526
49	6	0.841456
49	7	0.072573
49	8	0.867489
49	9	0.814264
49	10	0.0903348
49	11	0.0803247
49	12	0.653218
49	13	0.81341
49	14	0.674337
49	15	0.632862
49	16	0.935606
49	17	0.585772
49	18	0.180273
49	19	0.60097
49	20	0.708243
49	21	0.832759
49	22	0.95761
49	23	0.0754723
49	24	0.78103
49	25	0.376995
49	26	0.281045
49	27	0.504257
49	28	0.494766
49	29	0.643971
49	30	0.0309458
49	31	0.276009
49	32	0.0937223
49	33	0.168889
49	34	0.297342
49	35	0.533189
49	36	0.412793
49	37	0.160436
49	38	0.814234
49	39	0.494278
49	40	0.0354015
49	41	0.652089
49	42	0.630055
49	43	0.0671102
49	44	0.578204
49	45	0.272835
49	46	0.920835
49	47	0.0347301
49	48	0.259133
49	49	0.168157
