0	0	-1115.98
0	1	-1085.68
0	2	217.843
0	3	-1248.6
0	4	-990.194
0	5	-576.005
0	6	11.107
0	7	-204.856
0	8	486.501
0	9	-300.005
0	10	550.93
0	11	351.35
0	12	-432.837
0	13	753.874
0	14	809.436
0	15	1028.39
0	16	653.342
0	17	-358.684
0	18	-599.428
0	19	130.599
0	20	105.876
0	21	-720.272
0	22	-300.977
0	23	393.512
0	24	-441.954
0	25	25.0256
0	26	-499.814
0	27	-597.892
0	28	-217.008
0	29	135.089
0	30	-265.083
0	31	-200.777
0	32	613.798
0	33	966.98
0	34	1081.64
0	35	641.847
0	36	512.879
0	37	269.479
0	38	-23.908
0	39	191.762
0	40	454.705
0	41	-187.502
0	42	1131.58
0	43	652.104
0	44	487.737
0	45	867.436
0	46	287.431
0	47	298.432
0	48	406.498
0	49	-388.461
1	0	-801.328
1	1	92.1043
1	2	-665.82
1	3	-1309.12
1	4	-820.491
1	5	-601.698
1	6	-356.949
1	7	-607.247
1	8	341.152
1	9	-882.164
1	10	-60.1874
1	11	2.69277
1	12	-491.912
1	13	278.006
1	14	328.52
1	15	825.721
1	16	892.342
1	17	646.083
1	18	496.456
1	19	451.247
1	20	-409.702
1	21	-633.117
1	22	-747.211
1	23	-469.517
1	24	143.763
1	25	-617.68
1	26	-798.445
1	27	553.87
1	28	-369.989
1	29	559.345
1	30	700.428
1	31	313.254
1	32	651.578
1	33	-116.846
1	34	258.473
1	35	1113.99
1	36	880.734
1	37	-96.5983
1	38	-207.602
1	39	-451.532
1	40	1026.06
1	41	782.098
1	42	113.582
1	43	1175.38
1	44	1137.8
1	45	495.045
1	46	-233.853
1	47	-532.244
1	48	936.139
1	49	740.633
2	0	-387.3
2	1	-1173.02
2	2	-1067.76
2	3	-315.658
2	4	-907.261
2	5	-1097.86
2	6	-1121.74
2	7	-982.683
2	8	-1024.93
2	9	-909.458
2	10	-1088.29
2	11	-959.291
2	12	-1022.26
2	13	-724.058
2	14	466.486
2	15	132.774
2	16	-85.5074
2	17	-747.742
2	18	-527.948
2	19	-164.061
2	20	-121.341
2	21	-57.834
2	22	-868.221
2	23	233.07
2	24	-382.854
2	25	-658.724
2	26	57.4794
2	27	-208.577
2	28	282.287
2	29	805.215
2	30	343.577
2	31	-187.334
2	32	161.508
2	33	1100.77
2	34	1177.91
2	35	1077.2
2	36	399.757
2	37	-403.169
2	38	567.059
2	39	435.691
2	40	1126.32
2	41	618.321
2	42	-106.045
2	43	1118.52
2	44	534.419
2	45	231.496
2	46	122.937
2	47	-152.791
2	48	896.371
2	49	912.561
3	0	-940.884
3	1	-967.527
3	2	111.092
3	3	-760.64
3	4	114.349
3	5	-309.158
3	6	348.157
3	7	-875.044
3	8	-1040.03
3	9	-807.917
3	10	-1268.83
3	11	-628.959
3	12	-732.164
3	13	-469.757
3	14	67.213
3	15	-581.426
3	16	-886.44
3	17	-898.75
3	18	-187.411
3	19	-517.999
3	20	-202.553
3	21	545.734
3	22	-133.341
3	23	294.242
3	24	-390.195
3	25	-535.316
3	26	708.892
3	27	458.306
3	28	477.656
3	29	-240.684
3	30	270.356
3	31	-343.574
3	32	727.504
3	33	783.734
3	34	806.278
3	35	537.692
3	36	1057.83
3	37	-414.566
3	38	197.823
3	39	829.824
3	40	1164.21
3	41	649.953
3	42	567.027
3	43	1010.56
3	44	11.4549
3	45	444.043
3	46	-642.192
3	47	-274.791
3	48	-376.355
3	49	597.778
4	0	-708.618
4	1	-167.143
4	2	-824.749
4	3	-178.752
4	4	-1010.72
4	5	-801.011
4	6	238.474
4	7	-599.927
4	8	-582.412
4	9	-683.328
4	10	-1131.27
4	11	-295.415
4	12	148.752
4	13	-854.134
4	14	-552.4
4	15	23.6292
4	16	115.539
4	17	-273.226
4	18	-268.11
4	19	736.313
4	20	689.707
4	21	-332.11
4	22	-582.51
4	23	665.35
4	24	277.107
4	25	-511.962
4	26	305.181
4	27	-1.20628
4	28	-521.715
4	29	484.208
4	30	-430.67
4	31	233.925
4	32	-183.264
4	33	-270.226
4	34	-190.176
4	35	834.876
4	36	969.082
4	37	458.74
4	38	184.965
4	39	1035.02
4	40	1069.69
4	41	369.457
4	42	908.762
4	43	-74.8901
4	44	-79.7822
4	45	254.527
4	46	-462.5
4	47	206.31
4	48	-460.392
4	49	194.503
5	0	-800.013
5	1	-79.2479
5	2	-195.56
5	3	-380.57
5	4	-172.642
5	5	-395.715
5	6	-352.21
5	7	-558.384
5	8	-905.294
5	9	-518.681
5	10	-376.491
5	11	461.444
5	12	455.557
5	13	-841.721
5	14	-314.981
5	15	-925.729
5	16	-520.73
5	17	-1010.35
5	18	-588.401
5	19	186.842
5	20	619.364
5	21	-165.553
5	22	-41.8216
5	23	-253.858
5	24	-197.67
5	25	-351.434
5	26	241.382
5	27	-45.7626
5	28	-408.47
5	29	250.133
5	30	762.948
5	31	540.799
5	32	-510.035
5	33	-369.62
5	34	639.422
5	35	429.291
5	36	171.066
5	37	30.2342
5	38	221.948
5	39	1174.42
5	40	203.728
5	41	-29.4907
5	42	772.859
5	43	-429.387
5	44	-169.989
5	45	-70.0416
5	46	227.391
5	47	295.366
5	48	-409.731
5	49	4.52557
6	0	-612.997
6	1	-737.513
6	2	-603.182
6	3	-27.8415
6	4	-652.908
6	5	-163.077
6	6	-243.964
6	7	316.558
6	8	28.6746
6	9	-572.076
6	10	-380.057
6	11	-801.103
6	12	-877.492
6	13	-1054.65
6	14	-194.025
6	15	-889.147
6	16	256.506
6	17	-858.58
6	18	398.17
6	19	883.739
6	20	250.415
6	21	689.241
6	22	122.471
6	23	830.354
6	24	654.237
6	25	-180.375
6	26	585.591
6	27	-20.9502
6	28	489.104
6	29	1094.75
6	30	289.072
6	31	367.564
6	32	458.34
6	33	866.396
6	34	-265.475
6	35	437.931
6	36	-222.705
6	37	337.138
6	38	1238.07
6	39	1233.33
6	40	926.491
6	41	956.665
6	42	298.38
6	43	601.696
6	44	656.138
6	45	-413.758
6	46	-518.443
6	47	142.34
6	48	-660.101
6	49	-866.176
7	0	-479.368
7	1	401.515
7	2	-3.83541
7	3	166.508
7	4	396.337
7	5	-179.222
7	6	-604.505
7	7	184.726
7	8	-9.29935
7	9	-505.648
7	10	-660.992
7	11	-462.482
7	12	395.972
7	13	-372.966
7	14	-404.882
7	15	417.563
7	16	-595.606
7	17	119.046
7	18	226.645
7	19	599.361
7	20	-34.9269
7	21	-369.659
7	22	-603.761
7	23	353.137
7	24	488.4
7	25	172.9
7	26	-177.591
7	27	-459.864
7	28	451.721
7	29	1068.56
7	30	1100.78
7	31	644.599
7	32	732.079
7	33	977.18
7	34	569.942
7	35	-405.463
7	36	68.0907
7	37	281.361
7	38	862.845
7	39	337.993
7	40	816.041
7	41	438.819
7	42	469.364
7	43	490.93
7	44	868.53
7	45	408.861
7	46	800.234
7	47	-395.562
7	48	-360.254
7	49	418.977
8	0	-34.6112
8	1	-528.243
8	2	-755.344
8	3	-583.935
8	4	-954.689
8	5	-981.607
8	6	-724.325
8	7	-930.836
8	8	8.82855
8	9	-194.235
8	10	-918.03
8	11	-304.802
8	12	140.989
8	13	-855.905
8	14	-411.602
8	15	391.324
8	16	141.768
8	17	-492.14
8	18	405.174
8	19	578.729
8	20	-344.84
8	21	-742.285
8	22	-675.964
8	23	134.492
8	24	-24.2636
8	25	502.026
8	26	743.151
8	27	-548.774
8	28	844.827
8	29	850.975
8	30	845.015
8	31	333.567
8	32	-10.1748
8	33	-27.4638
8	34	-334.218
8	35	594.643
8	36	720.715
8	37	177.083
8	38	-122.991
8	39	617.276
8	40	-285.146
8	41	-473.182
8	42	-458.507
8	43	273.35
8	44	794.023
8	45	-384.142
8	46	111.912
8	47	84.3928
8	48	101.799
8	49	314.355
9	0	-429.79
9	1	-101.964
9	2	67.5769
9	3	183.723
9	4	-512.013
9	5	-717.201
9	6	443.617
9	7	-61.8158
9	8	176.383
9	9	-531.982
9	10	-79.105
9	11	140.595
9	12	-204.316
9	13	-219.048
9	14	-586.615
9	15	376.703
9	16	-297.646
9	17	-215.295
9	18	265.32
9	19	-590.178
9	20	-674.89
9	21	-18.3577
9	22	617.788
9	23	-458.051
9	24	-699.625
9	25	-704.165
9	26	473.946
9	27	257.079
9	28	574.321
9	29	-324.863
9	30	-533.931
9	31	-119.15
9	32	89.6475
9	33	928.858
9	34	200.365
9	35	1004.94
9	36	552.883
9	37	-403.153
9	38	620.708
9	39	699.585
9	40	235.753
9	41	61.1831
9	42	44.4274
9	43	275.962
9	44	598.454
9	45	-99.0496
9	46	-251.946
9	47	689.394
9	48	-126.458
9	49	173.104
10	0	-589.184
10	1	-349.037
10	2	573.857
10	3	-383.084
10	4	-151.244
10	5	-227.582
10	6	-118.807
10	7	206.112
10	8	-524.941
10	9	-168.313
10	10	-204.471
10	11	-253.361
10	12	260.729
10	13	585.869
10	14	-627.299
10	15	-309.334
10	16	502.292
10	17	-228.993
10	18	-190.304
10	19	-565.848
10	20	-148.828
10	21	747.193
10	22	184.533
10	23	305.672
10	24	-745.307
10	25	-704.549
10	26	-810.716
10	27	-831.695
10	28	-863.457
10	29	-543.107
10	30	80.1443
10	31	-430.402
10	32	234.887
10	33	571.227
10	34	42.5317
10	35	819.81
10	36	739.008
10	37	689.095
10	38	-464.104
10	39	313.973
10	40	-48.7395
10	41	-362.638
10	42	19.7399
10	43	-91.967
10	44	-343.58
10	45	935.698
10	46	-76.529
10	47	-125.809
10	48	159.896
10	49	-58.6508
11	0	121.135
11	1	820.22
11	2	475.368
11	3	627.655
11	4	295.698
11	5	97.2514
11	6	-866.855
11	7	-701.265
11	8	53.4206
11	9	171.769
11	10	169.862
11	11	351.213
11	12	-225.585
11	13	385.22
11	14	-334.236
11	15	377.286
11	16	922.972
11	17	459.379
11	18	-32.9703
11	19	-718.487
11	20	157.056
11	21	515.576
11	22	-537.603
11	23	-88.0663
11	24	-214.844
11	25	249.208
11	26	124.139
11	27	410.863
11	28	-196.873
11	29	-312.309
11	30	233.526
11	31	311.773
11	32	181.259
11	33	-185.469
11	34	234.362
11	35	179.49
11	36	-181.159
11	37	-449.102
11	38	317.481
11	39	-790.26
11	40	-540.207
11	41	-299.319
11	42	300.403
11	43	1013.35
11	44	586.674
11	45	851.618
11	46	1004.03
11	47	951.606
11	48	11.4551
11	49	-412.154
12	0	869.522
12	1	1132.71
12	2	974.42
12	3	791.18
12	4	766.399
12	5	451.551
12	6	-348.975
12	7	-201.251
12	8	-409.116
12	9	844.567
12	10	772.088
12	11	107.773
12	12	-869.118
12	13	-447.059
12	14	-498.274
12	15	575.208
12	16	45.5653
12	17	385.726
12	18	-271.17
12	19	-284.877
12	20	-818.761
12	21	-536.542
12	22	339.534
12	23	-273.01
12	24	-825.412
12	25	40.1658
12	26	-398.032
12	27	834.439
12	28	505.722
12	29	-264.02
12	30	128.422
12	31	571.619
12	32	-323.967
12	33	276.168
12	34	-621.854
12	35	199.042
12	36	-434.028
12	37	-393.613
12	38	-709.541
12	39	-324.965
12	40	-339.606
12	41	367.926
12	42	1166.72
12	43	982.013
12	44	822.433
12	45	758.037
12	46	787.031
12	47	3.48902
12	48	15.4926
12	49	-79.3613
13	0	636.517
13	1	859.219
13	2	186.946
13	3	973.927
13	4	306.814
13	5	181.081
13	6	395.766
13	7	628.043
13	8	-56.1524
13	9	650.624
13	10	105.731
13	11	-52.3089
13	12	-226.59
13	13	-617.165
13	14	578.143
13	15	-579.625
13	16	-469.209
13	17	-164.576
13	18	692.408
13	19	193.066
13	20	-701.56
13	21	117.846
13	22	275.943
13	23	-655.868
13	24	29.3451
13	25	-317.607
13	26	444.77
13	27	878.277
13	28	-325.082
13	29	-240.569
13	30	201.717
13	31	771.39
13	32	9.67269
13	33	297.546
13	34	-52.3895
13	35	223.713
13	36	597.841
13	37	-250.376
13	38	399.834
13	39	225.273
13	40	831.619
13	41	1034.42
13	42	601.545
13	43	1241.6
13	44	881.907
13	45	-39.516
13	46	638.06
13	47	-187.004
13	48	134.343
13	49	44.6841
14	0	361.215
14	1	539.493
14	2	-362.726
14	3	81.8147
14	4	717.167
14	5	-476.245
14	6	-166.417
14	7	-394.996
14	8	-492.419
14	9	-802.886
14	10	-137.9
14	11	448.653
14	12	-296.987
14	13	-413.791
14	14	4.86457
14	15	284.962
14	16	-677.158
14	17	-111.189
14	18	937.425
14	19	552.575
14	20	-364.881
14	21	464.845
14	22	581.265
14	23	729.329
14	24	403.068
14	25	-186.165
14	26	-419.051
14	27	774.128
14	28	709.27
14	29	220.738
14	30	-213.939
14	31	-723.646
14	32	591.198
14	33	347.835
14	34	-753.989
14	35	-659.779
14	36	-929.124
14	37	-706.179
14	38	-918.179
14	39	-520.212
14	40	-266.319
14	41	857.251
14	42	-209.381
14	43	1081.99
14	44	785.806
14	45	230.07
14	46	-64.9592
14	47	282.269
14	48	852.812
14	49	-158.833
15	0	214.261
15	1	246.033
15	2	737.01
15	3	349.312
15	4	331.497
15	5	-319.151
15	6	-356.424
15	7	619.945
15	8	124.751
15	9	-252.702
15	10	-707.766
15	11	-486.084
15	12	-135.479
15	13	836.852
15	14	568.524
15	15	492.286
15	16	-565.881
15	17	184.07
15	18	239.036
15	19	710.202
15	20	469.53
15	21	654.657
15	22	798.488
15	23	393.217
15	24	576.15
15	25	775.25
15	26	-301.987
15	27	-350.18
15	28	-258.812
15	29	-431.704
15	30	165.964
15	31	-804.122
15	32	-702.988
15	33	-681.826
15	34	289.96
15	35	-706.355
15	36	-318.569
15	37	-347.531
15	38	-836.537
15	39	-627.423
15	40	69.6269
15	41	-399.115
15	42	335.678
15	43	30.3138
15	44	827.185
15	45	781.821
15	46	727.404
15	47	561.336
15	48	742.055
15	49	-42.1818
16	0	-198.109
16	1	-563.23
16	2	-81.861
16	3	545.886
16	4	-163.69
16	5	338.522
16	6	-267.885
16	7	-669.334
16	8	-752.737
16	9	2.39709
16	10	140.051
16	11	73.1677
16	12	-440.677
16	13	642.481
16	14	6.79573
16	15	274.234
16	16	-49.8795
16	17	516.37
16	18	235.434
16	19	-488.282
16	20	793.334
16	21	-150.046
16	22	70.1347
16	23	-173.223
16	24	120.154
16	25	532.005
16	26	533.16
16	27	314.596
16	28	697.689
16	29	-356.801
16	30	536.04
16	31	-657.218
16	32	-295.674
16	33	-156.658
16	34	-781.725
16	35	-869.043
16	36	297.695
16	37	559.009
16	38	-826.453
16	39	-870.597
16	40	288.522
16	41	728.042
16	42	-374.14
16	43	-416.127
16	44	-245.844
16	45	-54.8014
16	46	-356.193
16	47	196.456
16	48	47.8644
16	49	739.388
17	0	-487.206
17	1	30.8692
17	2	-393.853
17	3	-416.854
17	4	-171.783
17	5	699.889
17	6	721.89
17	7	94.641
17	8	537.981
17	9	-317.173
17	10	634.772
17	11	-388.934
17	12	14.1572
17	13	-406.775
17	14	163.948
17	15	727.597
17	16	215.104
17	17	727.898
17	18	181.095
17	19	714.941
17	20	150.257
17	21	-46.6103
17	22	-534.455
17	23	-505.27
17	24	238.808
17	25	-336.888
17	26	533.197
17	27	-253.271
17	28	273.877
17	29	-139.57
17	30	-703.141
17	31	252.408
17	32	73.483
17	33	19.9234
17	34	-850.331
17	35	-675.257
17	36	-455.738
17	37	-141.636
17	38	378.594
17	39	-184.76
17	40	705.802
17	41	-326.099
17	42	267.747
17	43	-362.368
17	44	-740.372
17	45	345.052
17	46	284.715
17	47	287.951
17	48	739.472
17	49	-79.5505
18	0	-136.885
18	1	-932.837
18	2	-449.843
18	3	-496.906
18	4	1.6651
18	5	455.729
18	6	426.297
18	7	-225.02
18	8	353.176
18	9	-722.033
18	10	-206.693
18	11	-413.36
18	12	-16.1456
18	13	316.319
18	14	-368.32
18	15	43.2594
18	16	681.062
18	17	-416.831
18	18	310.738
18	19	736.839
18	20	372.782
18	21	685.494
18	22	-710.567
18	23	-318.466
18	24	-634.233
18	25	424.418
18	26	-787.331
18	27	563.428
18	28	100.354
18	29	-839.539
18	30	-244.245
18	31	519.296
18	32	230.3
18	33	345.205
18	34	387.576
18	35	-317.059
18	36	67.9802
18	37	702.735
18	38	121.293
18	39	826.752
18	40	746.989
18	41	-347.335
18	42	-437.832
18	43	409.644
18	44	-564.299
18	45	442.299
18	46	746.162
18	47	745.367
18	48	440.583
18	49	393.494
19	0	-665.323
19	1	-574.997
19	2	-370.112
19	3	757.023
19	4	603.483
19	5	792.615
19	6	-330.661
19	7	189.928
19	8	-130.234
19	9	-63.6344
19	10	-347.914
19	11	112.456
19	12	-429.82
19	13	427.68
19	14	37.6518
19	15	-279.124
19	16	-357.74
19	17	614.99
19	18	-367.409
19	19	881.656
19	20	749.386
19	21	-443.799
19	22	-615.92
19	23	-345.116
19	24	-798.579
19	25	-690.371
19	26	-1135.4
19	27	-667.194
19	28	498.122
19	29	-841.698
19	30	-528.52
19	31	512.828
19	32	805.799
19	33	-538.701
19	34	-313.834
19	35	650.254
19	36	402.196
19	37	893.438
19	38	727.736
19	39	588.496
19	40	-114.99
19	41	-870.498
19	42	-870.773
19	43	191.78
19	44	-939.521
19	45	-397.446
19	46	-790.787
19	47	-815.327
19	48	-687.512
19	49	-232.369
20	0	-109.617
20	1	-253.999
20	2	672.281
20	3	900
20	4	607.739
20	5	452.662
20	6	-41.5155
20	7	399.132
20	8	28.2189
20	9	188.044
20	10	-3.44681
20	11	19.2805
20	12	-365.511
20	13	-866.578
20	14	-556.594
20	15	72.3344
20	16	444.982
20	17	-340.394
20	18	236.864
20	19	369.696
20	20	728.08
20	21	-129.249
20	22	-410.444
20	23	-476.343
20	24	-201.765
20	25	-604.945
20	26	-798.971
20	27	-1116.24
20	28	-471.607
20	29	489.933
20	30	-50.9087
20	31	-391.273
20	32	243.892
20	33	654.511
20	34	-712.713
20	35	-146.661
20	36	67.0406
20	37	-17.5182
20	38	692.457
20	39	579.848
20	40	423.248
20	41	-362.716
20	42	-95.4383
20	43	-806.913
20	44	-919.518
20	45	-869.31
20	46	-165.615
20	47	-380.143
20	48	-665.501
20	49	-586.761
21	0	-534.357
21	1	218.557
21	2	425.313
21	3	852.681
21	4	-379.853
21	5	-330.149
21	6	-652.64
21	7	117.961
21	8	-181.514
21	9	-623.663
21	10	397.133
21	11	-662.119
21	12	-16.2591
21	13	-816.508
21	14	-89.2247
21	15	-597.227
21	16	707.009
21	17	657.488
21	18	31.3001
21	19	-13.1739
21	20	-583.662
21	21	333.587
21	22	-394.209
21	23	-5.58458
21	24	140.545
21	25	-186.895
21	26	-942.72
21	27	-885.509
21	28	5.13848
21	29	-631.772
21	30	95.6276
21	31	-722.678
21	32	-35.6175
21	33	40.8506
21	34	-892.467
21	35	-352.478
21	36	515.747
21	37	-351.064
21	38	149.454
21	39	-214.736
21	40	-60.8804
21	41	-88.5763
21	42	677.656
21	43	-302.14
21	44	517.515
21	45	291.649
21	46	-195.147
21	47	-113.817
21	48	44.4063
21	49	611.178
22	0	119.469
22	1	-625.937
22	2	-78.806
22	3	95.3244
22	4	-405.34
22	5	-265.662
22	6	-135.18
22	7	422.687
22	8	234.485
22	9	599.272
22	10	691.241
22	11	439.291
22	12	247.633
22	13	-817.277
22	14	333.053
22	15	-311.373
22	16	-458.6
22	17	291.689
22	18	468.882
22	19	-253.998
22	20	-334.963
22	21	-13.944
22	22	-388.403
22	23	6.99651
22	24	-499.335
22	25	-202.326
22	26	-1036.75
22	27	-1031.68
22	28	-625.037
22	29	-802.817
22	30	520.047
22	31	654.408
22	32	-201.264
22	33	-649.971
22	34	-430.445
22	35	-903.835
22	36	-294.649
22	37	-462.016
22	38	-452.829
22	39	-328.432
22	40	170.047
22	41	111.668
22	42	224.744
22	43	-129.906
22	44	309.184
22	45	-450.828
22	46	608.523
22	47	344.328
22	48	-453.968
22	49	223.653
23	0	-153.789
23	1	-702.017
23	2	-227.249
23	3	-748.669
23	4	96.5025
23	5	-821.303
23	6	-718.696
23	7	-379.791
23	8	-603.418
23	9	-429.202
23	10	-411.588
23	11	-160.225
23	12	109.544
23	13	-850.999
23	14	228.584
23	15	199.146
23	16	233.732
23	17	-637.166
23	18	150.588
23	19	159.634
23	20	-945.844
23	21	-862.235
23	22	362.667
23	23	-757.564
23	24	-407.893
23	25	629.684
23	26	-804.018
23	27	-563.421
23	28	-500.456
23	29	525.608
23	30	-469.084
23	31	-470.838
23	32	217.931
23	33	-941.729
23	34	-811.333
23	35	-181.845
23	36	571.244
23	37	-62.3407
23	38	-368.262
23	39	176.133
23	40	420.13
23	41	377.838
23	42	707.969
23	43	284.767
23	44	67.3957
23	45	689.888
23	46	508.992
23	47	871.464
23	48	-178.43
23	49	-737.949
24	0	580.005
24	1	605.895
24	2	182.674
24	3	381.379
24	4	282.095
24	5	325.898
24	6	-807.523
24	7	-958.016
24	8	-836.758
24	9	-497.751
24	10	-377.272
24	11	-922.644
24	12	-504.015
24	13	-845.901
24	14	670.129
24	15	745.938
24	16	-171.291
24	17	-562.265
24	18	-312.655
24	19	-38.213
24	20	-632.442
24	21	163.764
24	22	-804.932
24	23	-125.069
24	24	640.22
24	25	426.67
24	26	62.9065
24	27	437.628
24	28	254.656
24	29	843.881
24	30	89.1892
24	31	-674.148
24	32	-451.445
24	33	-309.257
24	34	148.902
24	35	629.42
24	36	-696.226
24	37	76.6696
24	38	-641.528
24	39	-678.016
24	40	410.143
24	41	-342.628
24	42	231.359
24	43	630.232
24	44	-657.906
24	45	174.784
24	46	-71.8284
24	47	681.398
24	48	579.069
24	49	-457.852
25	0	-627.31
25	1	9.28413
25	2	-5.13699
25	3	-326.74
25	4	-331.461
25	5	145.487
25	6	679.183
25	7	-38.7643
25	8	-978.6
25	9	194.64
25	10	2.93147
25	11	-739.942
25	12	-886.323
25	13	504.296
25	14	259.439
25	15	-454.056
25	16	-77.0759
25	17	-115.299
25	18	-995.941
25	19	-268.299
25	20	-607.248
25	21	144.772
25	22	-963.654
25	23	-463.967
25	24	295.846
25	25	245.361
25	26	-317.828
25	27	168.686
25	28	631.975
25	29	356.749
25	30	-159.999
25	31	-236.328
25	32	134.705
25	33	-566.863
25	34	198.542
25	35	-120.672
25	36	-257.628
25	37	-244.635
25	38	-713.002
25	39	-279.065
25	40	216.125
25	41	18.4285
25	42	-507.222
25	43	-506.098
25	44	109.865
25	45	-716.03
25	46	-339.883
25	47	360.859
25	48	84.3481
25	49	-185.051
26	0	370.865
26	1	-360.477
26	2	386.671
26	3	354.206
26	4	418.352
26	5	37.8574
26	6	58.5228
26	7	-165.581
26	8	-121.202
26	9	-545.632
26	10	-698.644
26	11	-8.51617
26	12	-18.9603
26	13	-209.228
26	14	333.761
26	15	-878.88
26	16	-57.2868
26	17	-48.539
26	18	-972.721
26	19	-787.455
26	20	362.379
26	21	-139.929
26	22	-769.173
26	23	-468.346
26	24	-367.979
26	25	-733.192
26	26	-298.445
26	27	-284.771
26	28	859.355
26	29	158.421
26	30	-253.486
26	31	49.0778
26	32	214.871
26	33	59.0551
26	34	-562.776
26	35	-578.55
26	36	-77.6074
26	37	-630.995
26	38	59.989
26	39	370.27
26	40	-770.444
26	41	-752.831
26	42	578.5
26	43	-266.1
26	44	463.538
26	45	-357.018
26	46	464.716
26	47	-166.143
26	48	432.754
26	49	722.378
27	0	327.516
27	1	-52.147
27	2	-323.809
27	3	-866.908
27	4	-896.91
27	5	-447.019
27	6	197.932
27	7	-85.5033
27	8	514.084
27	9	-109.06
27	10	-1020
27	11	161.515
27	12	-1025.08
27	13	-637.936
27	14	-165.6
27	15	-871.58
27	16	205.4
27	17	-464.496
27	18	524.425
27	19	81.6234
27	20	-510.933
27	21	-888.435
27	22	-877.743
27	23	-844.978
27	24	-172.062
27	25	-822.492
27	26	-420.555
27	27	-325.828
27	28	870.851
27	29	753.376
27	30	-759.006
27	31	-240.177
27	32	273.708
27	33	717.83
27	34	-471.269
27	35	-404.126
27	36	-114.075
27	37	520.622
27	38	-109.701
27	39	-215.035
27	40	379.816
27	41	-542.422
27	42	30.9782
27	43	-44.9684
27	44	860.102
27	45	-240.378
27	46	-790.588
27	47	-550.164
27	48	-688.578
27	49	593.158
28	0	-188.831
28	1	-606.794
28	2	-287.264
28	3	-812.115
28	4	-784.877
28	5	5.67749
28	6	477.26
28	7	106.2
28	8	-149.818
28	9	-700.071
28	10	-1140.95
28	11	-765.814
28	12	-1126.65
28	13	-1124.66
28	14	-1002.59
28	15	277.76
28	16	212.064
28	17	641.109
28	18	-277.449
28	19	-158.147
28	20	411.56
28	21	267.274
28	22	627.62
28	23	-619.54
28	24	219.498
28	25	725.526
28	26	79.5449
28	27	387.112
28	28	-386.365
28	29	169.434
28	30	-620.221
28	31	527.696
28	32	-592.798
28	33	-471.238
28	34	-362.859
28	35	304.484
28	36	237.641
28	37	386.631
28	38	970.296
28	39	850.65
28	40	764.368
28	41	-164.671
28	42	419.076
28	43	179.247
28	44	574.361
28	45	592.809
28	46	9.81113
28	47	45.0864
28	48	-400.076
28	49	-431.286
29	0	-361.629
29	1	226.647
29	2	-137.968
29	3	118.128
29	4	447.746
29	5	-551.064
29	6	48.6801
29	7	-644.268
29	8	101.03
29	9	118.643
29	10	-734.865
29	11	-526.327
29	12	-1009.07
29	13	-118.49
29	14	-692.501
29	15	-70.5523
29	16	-511.326
29	17	-594.166
29	18	537.008
29	19	843.919
29	20	75.7597
29	21	675.187
29	22	505.697
29	23	-710.352
29	24	63.9866
29	25	213.195
29	26	530.993
29	27	69.7042
29	28	548.338
29	29	640.873
29	30	-168.638
29	31	386.483
29	32	-362.638
29	33	235.563
29	34	350.552
29	35	-498.226
29	36	734.083
29	37	356.45
29	38	495.313
29	39	267.995
29	40	91.4319
29	41	609.13
29	42	343.792
29	43	-613.913
29	44	-41.7552
29	45	-438.061
29	46	682.086
29	47	343.289
29	48	509.798
29	49	-588.731
30	0	-597.987
30	1	0.509449
30	2	210.923
30	3	286.697
30	4	828.595
30	5	94.6968
30	6	295.576
30	7	166.504
30	8	-597.566
30	9	222.322
30	10	-675.965
30	11	-222.543
30	12	-32.8252
30	13	-464.449
30	14	-604.549
30	15	-390.413
30	16	-515.72
30	17	461.846
30	18	939.166
30	19	6.34086
30	20	814.945
30	21	65.773
30	22	-314.598
30	23	-335.199
30	24	430.867
30	25	-2.82448
30	26	-708.972
30	27	-938.864
30	28	87.9996
30	29	662.411
30	30	-164.023
30	31	-43.8813
30	32	144.949
30	33	-243.471
30	34	-619.828
30	35	321.263
30	36	448.578
30	37	-295.361
30	38	35.7283
30	39	-110.893
30	40	474.212
30	41	-191.043
30	42	-602.282
30	43	35.6666
30	44	-76.5425
30	45	61.0112
30	46	315.922
30	47	484.879
30	48	-101.642
30	49	29.2778
31	0	-766.475
31	1	-858.018
31	2	-1044.67
31	3	-272.44
31	4	568.16
31	5	-384.095
31	6	-787.669
31	7	-942.108
31	8	-948.923
31	9	-213.872
31	10	-375.301
31	11	-77.8578
31	12	76.6471
31	13	-728.896
31	14	-788.484
31	15	178.737
31	16	-124.457
31	17	-226.722
31	18	579.288
31	19	544.201
31	20	23.4733
31	21	749.141
31	22	-344.69
31	23	-307.003
31	24	-854.639
31	25	-674.316
31	26	-125.342
31	27	-977.263
31	28	-835.445
31	29	-161.481
31	30	370.1
31	31	829.334
31	32	1012.75
31	33	-171.292
31	34	642.997
31	35	258.749
31	36	-323.496
31	37	-384.629
31	38	790.709
31	39	187.114
31	40	357.283
31	41	469.39
31	42	646.504
31	43	-487.821
31	44	75.6396
31	45	-192.767
31	46	-9.85602
31	47	-102.61
31	48	237.284
31	49	-323.232
32	0	-195.905
32	1	-329.641
32	2	-886.747
32	3	-795.822
32	4	416.18
32	5	261.312
32	6	-523.615
32	7	-93.9835
32	8	-306.583
32	9	667.868
32	10	-348.564
32	11	-198.577
32	12	353.697
32	13	-211.77
32	14	667.281
32	15	304.342
32	16	-532.939
32	17	-640.435
32	18	-66.8806
32	19	-199.059
32	20	361.341
32	21	511.658
32	22	-243.813
32	23	-816.366
32	24	-727.063
32	25	-369.471
32	26	282.702
32	27	-145.467
32	28	-305.757
32	29	319.919
32	30	1.89556
32	31	26.316
32	32	947.253
32	33	918.181
32	34	-268.223
32	35	797.53
32	36	20.159
32	37	281.045
32	38	724.086
32	39	-24.795
32	40	568.048
32	41	-350.448
32	42	868.601
32	43	670.616
32	44	-371.212
32	45	-120.729
32	46	-352.407
32	47	782.781
32	48	-570.697
32	49	-742.367
33	0	-565.188
33	1	54.2153
33	2	465.607
33	3	-156.698
33	4	-469.35
33	5	-679.126
33	6	471.127
33	7	325.088
33	8	-42.673
33	9	421.921
33	10	-507.806
33	11	-559.384
33	12	508.538
33	13	-33.3483
33	14	-331.599
33	15	-364.902
33	16	79.907
33	17	-567.019
33	18	569.302
33	19	-613.551
33	20	-0.815155
33	21	706.848
33	22	-526.149
33	23	-224.887
33	24	751.573
33	25	-356.136
33	26	276.434
33	27	-180.34
33	28	395.289
33	29	153.853
33	30	-264.835
33	31	435.699
33	32	-162.022
33	33	571.243
33	34	-202.834
33	35	574.318
33	36	420.309
33	37	307.756
33	38	-82.6206
33	39	807.493
33	40	782.569
33	41	-265.275
33	42	861.209
33	43	-339.914
33	44	-312.483
33	45	359.788
33	46	187.819
33	47	479.247
33	48	-188.456
33	49	-831.828
34	0	-406.024
34	1	-356.72
34	2	99.1404
34	3	-908.993
34	4	-662.953
34	5	-979.494
34	6	-22.3155
34	7	234.233
34	8	552.752
34	9	-12.034
34	10	-411.829
34	11	-584.334
34	12	683.511
34	13	164.516
34	14	484.567
34	15	635.273
34	16	819.367
34	17	374.42
34	18	424.783
34	19	-181.367
34	20	872.095
34	21	752.93
34	22	591.947
34	23	1015.37
34	24	1065.71
34	25	377.444
34	26	-272.807
34	27	-447.94
34	28	-638.344
34	29	-539.36
34	30	-321.749
34	31	608.978
34	32	-487.717
34	33	466.043
34	34	1163.84
34	35	964.413
34	36	-549.611
34	37	-491.51
34	38	242.632
34	39	1059.18
34	40	368.63
34	41	879.39
34	42	606.112
34	43	456.191
34	44	530.948
34	45	370.257
34	46	823.328
34	47	581.817
34	48	531.28
34	49	-631.727
35	0	-460.333
35	1	-720.109
35	2	-616.097
35	3	-899.706
35	4	-1000.68
35	5	-139.64
35	6	-664.447
35	7	391.245
35	8	-567.438
35	9	258.389
35	10	-688.086
35	11	-796.576
35	12	422.151
35	13	-185.38
35	14	772.631
35	15	565.978
35	16	139.558
35	17	-207.74
35	18	-596.72
35	19	436.539
35	20	107.675
35	21	458.136
35	22	-363.795
35	23	404.186
35	24	818.424
35	25	834.279
35	26	-585.618
35	27	-266.358
35	28	-85.8032
35	29	-678.05
35	30	-18.5452
35	31	-268.995
35	32	359.11
35	33	342.919
35	34	1153.67
35	35	1024.51
35	36	-403.675
35	37	536.418
35	38	-145.122
35	39	823.218
35	40	734.87
35	41	480.173
35	42	-185.575
35	43	840.456
35	44	-251.265
35	45	224.346
35	46	949.738
35	47	147.458
35	48	-698.54
35	49	242.376
36	0	-845.269
36	1	-245.697
36	2	-319.879
36	3	-895.488
36	4	70.8942
36	5	155.293
36	6	-607.115
36	7	-619.943
36	8	146.826
36	9	326.614
36	10	-321.904
36	11	-852.454
36	12	170.686
36	13	278.648
36	14	804.307
36	15	152.629
36	16	-332.89
36	17	-481.036
36	18	-755.524
36	19	753.333
36	20	676.307
36	21	-163.13
36	22	217.046
36	23	81.0437
36	24	-459.04
36	25	629.739
36	26	246.197
36	27	560.008
36	28	238.014
36	29	465.785
36	30	72.2811
36	31	-5.94651
36	32	-154.422
36	33	396.375
36	34	-252.759
36	35	897.983
36	36	901.253
36	37	904.62
36	38	219.128
36	39	736.11
36	40	876.757
36	41	972.634
36	42	949.252
36	43	217.354
36	44	244.006
36	45	-616.921
36	46	86.4088
36	47	380.076
36	48	-446.682
36	49	-721.119
37	0	-819.647
37	1	-349.87
37	2	-874.891
37	3	-311.831
37	4	438.971
37	5	34.5555
37	6	66.3442
37	7	-604.167
37	8	476.893
37	9	562.136
37	10	377.871
37	11	-603.471
37	12	831.06
37	13	1035.5
37	14	862.564
37	15	-205.05
37	16	-885.171
37	17	-36.0015
37	18	38.5353
37	19	-628.25
37	20	-237.674
37	21	-840.742
37	22	-122.639
37	23	80.1418
37	24	-140.263
37	25	856.693
37	26	363.059
37	27	-393.983
37	28	158.649
37	29	518.241
37	30	886.695
37	31	102.531
37	32	934.039
37	33	854.712
37	34	330.906
37	35	337.113
37	36	-424.47
37	37	80.6977
37	38	803.663
37	39	771.315
37	40	235.345
37	41	707.267
37	42	1024.34
37	43	-266.735
37	44	-556.155
37	45	-882.955
37	46	-266.531
37	47	215.839
37	48	837.184
37	49	-119.924
38	0	283.006
38	1	506.929
38	2	-214.572
38	3	323.643
38	4	679.318
38	5	489.294
38	6	519.355
38	7	109.392
38	8	780.126
38	9	273.386
38	10	-645.896
38	11	-572.373
38	12	79.8734
38	13	635.766
38	14	-21.7931
38	15	326.567
38	16	-562.533
38	17	12.6028
38	18	-737.361
38	19	65.3901
38	20	-290.053
38	21	-692.957
38	22	652.787
38	23	309.019
38	24	-173.388
38	25	387.756
38	26	764.185
38	27	55.5898
38	28	-206.704
38	29	364.683
38	30	284.472
38	31	553.595
38	32	-378.033
38	33	897.762
38	34	780.098
38	35	164.223
38	36	-675.852
38	37	-616.756
38	38	736.068
38	39	-393.391
38	40	396.43
38	41	410.336
38	42	437.361
38	43	-156.331
38	44	-498.26
38	45	-468.567
38	46	-97.6836
38	47	-393.747
38	48	780.962
38	49	987.542
39	0	-545.596
39	1	-8.63619
39	2	187.866
39	3	567.64
39	4	149.811
39	5	-323.194
39	6	862.126
39	7	62.9578
39	8	-553.784
39	9	-178.281
39	10	290.602
39	11	-758.062
39	12	418.862
39	13	202.859
39	14	102.178
39	15	301.871
39	16	197.374
39	17	-69.929
39	18	-23.2593
39	19	-477.355
39	20	-400.403
39	21	-720.973
39	22	-2.29436
39	23	463.657
39	24	647.975
39	25	1026.01
39	26	-338.164
39	27	-380.695
39	28	539.991
39	29	1032.59
39	30	322.655
39	31	-409.093
39	32	-38.1238
39	33	-46.7986
39	34	-509.047
39	35	682.433
39	36	-275.048
39	37	318.783
39	38	67.5086
39	39	-319.652
39	40	-219.885
39	41	823.584
39	42	421.01
39	43	825.64
39	44	938.937
39	45	316.994
39	46	-485.878
39	47	8.15215
39	48	288.99
39	49	169.419
40	0	-590.65
40	1	183.592
40	2	163.013
40	3	437.101
40	4	-438.977
40	5	594.904
40	6	482.14
40	7	194.439
40	8	102.549
40	9	-471.603
40	10	489.1
40	11	101.051
40	12	-367.907
40	13	-228.375
40	14	-792.249
40	15	-517.474
40	16	862.409
40	17	767.022
40	18	441.881
40	19	-634.249
40	20	-889.368
40	21	-656.161
40	22	527.734
40	23	-109.206
40	24	-481.211
40	25	724.32
40	26	827.112
40	27	925.17
40	28	925.854
40	29	646.762
40	30	-178.807
40	31	712.43
40	32	175.001
40	33	-467.977
40	34	354.844
40	35	780.276
40	36	400.488
40	37	457.742
40	38	95.3425
40	39	-10.0517
40	40	748.549
40	41	310.601
40	42	138.278
40	43	-578.527
40	44	767.549
40	45	-422.987
40	46	-265.218
40	47	-110.995
40	48	-258.928
40	49	294.656
41	0	-119.245
41	1	-755.164
41	2	-805.774
41	3	-414.495
41	4	546.817
41	5	-432.06
41	6	706.758
41	7	148.151
41	8	-698.054
41	9	321.509
41	10	554.424
41	11	369.826
41	12	-511.185
41	13	-545.728
41	14	244.933
41	15	120.461
41	16	256.5
41	17	595.818
41	18	666.464
41	19	625.847
41	20	531.425
41	21	-666.792
41	22	-75.6596
41	23	814.636
41	24	44.9583
41	25	-453.405
41	26	451.62
41	27	118.947
41	28	-214.78
41	29	-369.753
41	30	-594.441
41	31	61.2917
41	32	-462.154
41	33	599.319
41	34	-539.223
41	35	288.479
41	36	542.85
41	37	-463.639
41	38	47.8498
41	39	58.0493
41	40	713.152
41	41	-486.263
41	42	253.634
41	43	-354.128
41	44	-170.172
41	45	648.478
41	46	-336.591
41	47	119.254
41	48	813.885
41	49	426.486
42	0	-29.731
42	1	-62.1493
42	2	-6.50457
42	3	-329.569
42	4	-632.644
42	5	-620.027
42	6	348.063
42	7	-557.097
42	8	-247.363
42	9	-196.075
42	10	553.67
42	11	599.788
42	12	-113.631
42	13	-374.194
42	14	-95.8224
42	15	0.138576
42	16	-266.803
42	17	-574.598
42	18	386.07
42	19	777.03
42	20	401.683
42	21	-481.672
42	22	336.159
42	23	707.872
42	24	844.074
42	25	457.646
42	26	553.184
42	27	272.478
42	28	-394.016
42	29	-723.14
42	30	-213.222
42	31	-295.293
42	32	621.628
42	33	79.7856
42	34	524.072
42	35	-429.011
42	36	870.516
42	37	587.386
42	38	187.87
42	39	-480.316
42	40	-318.128
42	41	421.805
42	42	-479.654
42	43	-272.007
42	44	261.568
42	45	870.407
42	46	-104.768
42	47	-187.43
42	48	-105.57
42	49	36.7887
43	0	-180.045
43	1	-128.733
43	2	470.683
43	3	354.618
43	4	-667.533
43	5	-838.154
43	6	-136.705
43	7	469.568
43	8	820.808
43	9	-159.218
43	10	-183.772
43	11	-319.188
43	12	-732.822
43	13	656.608
43	14	461.691
43	15	164.096
43	16	525.604
43	17	-376.986
43	18	667.78
43	19	367.331
43	20	503.378
43	21	-736.857
43	22	-67.3941
43	23	750.632
43	24	-437.199
43	25	-7.07215
43	26	284.282
43	27	-374.011
43	28	434.09
43	29	787.647
43	30	648.819
43	31	397.936
43	32	-303.817
43	33	776.935
43	34	670.477
43	35	689.855
43	36	-18.4494
43	37	-323.964
43	38	-64.0337
43	39	-253.999
43	40	123.204
43	41	-920.694
43	42	-99.3136
43	43	-962.421
43	44	-643.074
43	45	737.948
43	46	-366.916
43	47	-342.466
43	48	79.8606
43	49	-670.942
44	0	-95.1538
44	1	153.401
44	2	710.748
44	3	-871.753
44	4	-1089.43
44	5	-758.438
44	6	-246.012
44	7	6.55719
44	8	489.543
44	9	429.19
44	10	620.249
44	11	688.111
44	12	-770.335
44	13	-619.224
44	14	-402.905
44	15	148.48
44	16	-598.941
44	17	-358.606
44	18	365.618
44	19	534.452
44	20	-458.88
44	21	-412.432
44	22	-657.215
44	23	531.795
44	24	-723.263
44	25	-133.159
44	26	-216.402
44	27	582.627
44	28	-15.3901
44	29	360.125
44	30	698.635
44	31	795.915
44	32	-427.345
44	33	259.919
44	34	161.1
44	35	-468.157
44	36	-344.611
44	37	-28.3484
44	38	-414.092
44	39	-313.994
44	40	-826.875
44	41	-916.225
44	42	-1029.26
44	43	-1018.92
44	44	59.4961
44	45	124.08
44	46	-403.179
44	47	733.211
44	48	342.703
44	49	-244.109
45	0	-482.512
45	1	-618.678
45	2	205.231
45	3	-786.724
45	4	-697.894
45	5	-772.159
45	6	-103.646
45	7	-595.511
45	8	-262.548
45	9	-493.454
45	10	-447.186
45	11	297.838
45	12	484.322
45	13	-369.52
45	14	55.0147
45	15	249.4
45	16	225.857
45	17	-587.31
45	18	-192.385
45	19	2.14199
45	20	-384.603
45	21	617.704
45	22	-705.382
45	23	651.641
45	24	-443.345
45	25	-71.82
45	26	-195.486
45	27	-267.216
45	28	537.589
45	29	-65.9338
45	30	-493.571
45	31	598.49
45	32	-27.8551
45	33	-375.699
45	34	-411.601
45	35	-131.309
45	36	630.751
45	37	-102.24
45	38	-640.278
45	39	444.25
45	40	-63.6068
45	41	292.066
45	42	206.489
45	43	-882.18
45	44	-631.158
45	45	478.354
45	46	735.799
45	47	836.874
45	48	-74.7357
45	49	-485.706
46	0	-179.078
46	1	-60.0159
46	2	446.22
46	3	-215.705
46	4	60.9271
46	5	-271.668
46	6	-578.499
46	7	717.591
46	8	346.604
46	9	387.82
46	10	80.3574
46	11	600.52
46	12	-129.337
46	13	403.23
46	14	524.379
46	15	428.666
46	16	-397.911
46	17	310.324
46	18	736.786
46	19	94.1795
46	20	808.903
46	21	-316.797
46	22	-465.537
46	23	210.547
46	24	-9.67867
46	25	807.952
46	26	336.942
46	27	-334.994
46	28	-636.492
46	29	-18.8981
46	30	-226.524
46	31	52.7199
46	32	817.14
46	33	753.743
46	34	-618.758
46	35	449.99
46	36	118.6
46	37	-603.436
46	38	-109.968
46	39	-499.671
46	40	-437.773
46	41	-607.325
46	42	29.4254
46	43	-724.396
46	44	-901.936
46	45	333.889
46	46	-415.506
46	47	-583.994
46	48	266.51
46	49	-508.38
47	0	-238.166
47	1	645.638
47	2	842.476
47	3	371.195
47	4	-661.58
47	5	172.526
47	6	-629.392
47	7	661.422
47	8	44.5584
47	9	431.632
47	10	54.4163
47	11	196.659
47	12	-485.823
47	13	-78.0404
47	14	-697.146
47	15	-449.964
47	16	-193.144
47	17	427.928
47	18	776.705
47	19	-413.649
47	20	525.001
47	21	-95.7263
47	22	702.457
47	23	501.728
47	24	505.923
47	25	-253.161
47	26	-348.127
47	27	334.56
47	28	-815.209
47	29	-700.984
47	30	-424.321
47	31	-212.764
47	32	354.036
47	33	373.008
47	34	-233.47
47	35	341.305
47	36	-635.766
47	37	-322.71
47	38	-438.979
47	39	-47.5349
47	40	245.983
47	41	-309.213
47	42	542.628
47	43	423.241
47	44	-406.456
47	45	275.817
47	46	-514.99
47	47	92.4103
47	48	-223.959
47	49	-151.709
48	0	-631.603
48	1	132.852
48	2	493.668
48	3	-510.008
48	4	-602.55
48	5	-261.829
48	6	-746.755
48	7	-49.8536
48	8	119.966
48	9	-703.992
48	10	-278.532
48	11	-55.8768
48	12	-770.287
48	13	-547.532
48	14	-48.2265
48	15	-763.322
48	16	-505.493
48	17	708.092
48	18	720.304
48	19	-193.66
48	20	939.241
48	21	220.698
48	22	20.967
48	23	-197.802
48	24	335.469
48	25	-576.877
48	26	-61.1502
48	27	736.46
48	28	400.283
48	29	-404.684
48	30	213.635
48	31	513.258
48	32	-100.023
48	33	-345.034
48	34	-22.6617
48	35	-637.552
48	36	-882.404
48	37	-172.6
48	38	490.095
48	39	-551.337
48	40	-540.224
48	41	-201.956
48	42	-81.0582
48	43	274.649
48	44	243.216
48	45	637.985
48	46	-656.017
48	47	-566.135
48	48	211.698
48	49	507.125
49	0	-147.479
49	1	-23.0063
49	2	193.886
49	3	612.871
49	4	-705.384
49	5	-959.283
49	6	211.705
49	7	-684.426
49	8	528.798
49	9	338.372
49	10	-802.491
49	11	-814.152
49	12	13.4608
49	13	368.981
49	14	249.382
49	15	139.682
49	16	663.453
49	17	359.672
49	18	-242.399
49	19	327.379
49	20	678.55
49	21	819.871
49	22	804.568
49	23	-543.765
49	24	438.82
49	25	-225.539
49	26	-330.735
49	27	148.804
49	28	118.159
49	29	141.714
49	30	-716.971
49	31	-385.557
49	32	-752.802
49	33	-715.719
49	34	-474.59
49	35	-219.693
49	36	-448.976
49	37	-636.301
49	38	451.171
49	39	-203.212
49	40	-944.206
49	41	85.2004
49	42	107.351
49	43	-631.853
49	44	114.936
49	45	-220.652
49	46	430.109
49	47	-889.109
49	48	-502.572
49	49	-511.735
